Segmentname_FV2210,Segmentgruppe_FV2210,Segment_FV2210,Datenelement_FV2210,Segment ID_FV2210,Code_FV2210,Qualifier_FV2210,Beschreibung_FV2210,Bedingungsausdruck_FV2210,Bedingung_FV2210,Unnamed: 0_FV2210,Änderung,changed_entries,Segmentname_FV2304,Segmentgruppe_FV2304,Segment_FV2304,Datenelement_FV2304,Segment ID_FV2304,Code_FV2304,Qualifier_FV2304,Beschreibung_FV2304,Bedingungsausdruck_FV2304,Bedingung_FV2304,Unnamed: 0_FV2304
Nachrichten-Kopfsegment,,UNH,,,,,,Muss,,0,,,Nachrichten-Kopfsegment,,UNH,,,,,,Muss,,0
Nachrichten-Kopfsegment,,UNH,0062,,,,Nachrichten-Referenznummer,X,,1,,,Nachrichten-Kopfsegment,,UNH,0062,,,,Nachrichten-Referenznummer,X,,1
Nachrichten-Kopfsegment,,UNH,0065,,UTILMD,,Netzanschluss- Stammdaten,X,,2,,,Nachrichten-Kopfsegment,,UNH,0065,,UTILMD,,Netzanschluss- Stammdaten,X,,2
Nachrichten-Kopfsegment,,UNH,0052,,D,,Entwurfs-Version,X,,3,,,Nachrichten-Kopfsegment,,UNH,0052,,D,,Entwurfs-Version,X,,3
Nachrichten-Kopfsegment,,UNH,0054,,11A,,Ausgabe 2011 - A,X,,4,,,Nachrichten-Kopfsegment,,UNH,0054,,11A,,Ausgabe 2011 - A,X,,4
Nachrichten-Kopfsegment,,UNH,0051,,UN,,UN/CEFACT,X,,5,,,Nachrichten-Kopfsegment,,UNH,0051,,UN,,UN/CEFACT,X,,5
Nachrichten-Kopfsegment,,UNH,0057,,5.2e,,Versionsnummer der zugrundeliegenden BDEW- Nachrichtenbeschreibung,X,,6,,,Nachrichten-Kopfsegment,,UNH,0057,,5.2e,,Versionsnummer der zugrundeliegenden BDEW- Nachrichtenbeschreibung,X,,6
Beginn der Nachricht,,BGM,,,,,,Muss,,7,,,Beginn der Nachricht,,BGM,,,,,,Muss,,7
Beginn der Nachricht,,BGM,1001,,E03,,Änderungsmeldungen,X,,8,,,Beginn der Nachricht,,BGM,1001,,E03,,Änderungsmeldungen,X,,8
Beginn der Nachricht,,BGM,1004,,,,Dokumentennummer,X,,9,,,Beginn der Nachricht,,BGM,1004,,,,Dokumentennummer,X,,9
Nachrichtendatum,,DTM,,,,,,Muss,,10,,,Nachrichtendatum,,DTM,,,,,,Muss,,10
Nachrichtendatum,,DTM,2005,,137,,Dokumenten-/ Nachrichtendatum/-zeit,X,,11,,,Nachrichtendatum,,DTM,2005,,137,,Dokumenten-/ Nachrichtendatum/-zeit,X,,11
Nachrichtendatum,,DTM,2380,,,,"Datum oder Uhrzeit oder Zeitspanne, Wert",X [931] [494],"[494] Das hier genannte Datum muss der Zeitpunkt sein, zu dem das Dokument erstellt wurde, oder ein Zeitpunkt, der davor liegt
[931] Format: ZZZ = +00",12,,,Nachrichtendatum,,DTM,2380,,,,"Datum oder Uhrzeit oder Zeitspanne, Wert",X [931] [494],"[494] Das hier genannte Datum muss der Zeitpunkt sein, zu dem das Dokument erstellt wurde, oder ein Zeitpunkt, der davor liegt
[931] Format: ZZZ = +00",12
Nachrichtendatum,,DTM,2379,,303,,CCYYMMDDHHMMZZZ,X,,13,,,Nachrichtendatum,,DTM,2379,,303,,CCYYMMDDHHMMZZZ,X,,13
MP-ID Absender,SG2,,,,,,,Muss,,14,,,MP-ID Absender,SG2,,,,,,,Muss,,14
MP-ID Absender,SG2,NAD,,,,,,Muss,,15,,,MP-ID Absender,SG2,NAD,,,,,,Muss,,15
MP-ID Absender,SG2,NAD,3035,,MS,,Dokumenten-/ Nachrichtenaussteller bzw. -absender,X,,16,,,MP-ID Absender,SG2,NAD,3035,,MS,,Dokumenten-/ Nachrichtenaussteller bzw. -absender,X,,16
MP-ID Absender,SG2,NAD,3039,,,,MP-ID,X [280],[280] Nur MP-ID aus Sparte Strom,17,,,MP-ID Absender,SG2,NAD,3039,,,,MP-ID,X [280],[280] Nur MP-ID aus Sparte Strom,17
MP-ID Absender,SG2,NAD,3055,,9,,GS1,X,,18,,,MP-ID Absender,SG2,NAD,3055,,9,,GS1,X,,18
MP-ID Absender,SG2,NAD,3055,,293,,"DE, BDEW (Bundesverband der Energie- und Wasserwirtschaft e.V.)",X,,19,,,MP-ID Absender,SG2,NAD,3055,,293,,"DE, BDEW (Bundesverband der Energie- und Wasserwirtschaft e.V.)",X,,19
Ansprechpartner,SG3,,,,,,,Kann,,20,,,Ansprechpartner,SG3,,,,,,,Kann,,20
Ansprechpartner,SG3,CTA,,,,,,Muss,,21,,,Ansprechpartner,SG3,CTA,,,,,,Muss,,21
Ansprechpartner,SG3,CTA,3139,,IC,,Informationskontakt,X,,22,,,Ansprechpartner,SG3,CTA,3139,,IC,,Informationskontakt,X,,22
Ansprechpartner,SG3,CTA,3412,,,,Name vom Ansprechpartner,X,,23,,,Ansprechpartner,SG3,CTA,3412,,,,Name vom Ansprechpartner,X,,23
Kommunikationsverbindung,SG3,COM,,,,,,Muss,,24,,,Kommunikationsverbindung,SG3,COM,,,,,,Muss,,24
Kommunikationsverbindung,SG3,COM,3148,,,,Nummer / Adresse,X,,25,,,Kommunikationsverbindung,SG3,COM,3148,,,,Nummer / Adresse,X,,25
Kommunikationsverbindung,SG3,COM,3155,,EM,,Elektronische Post,X [1P0..1],,26,,,Kommunikationsverbindung,SG3,COM,3155,,EM,,Elektronische Post,X [1P0..1],,26
Kommunikationsverbindung,SG3,COM,3155,,FX,,Telefax,X [1P0..1],,27,,,Kommunikationsverbindung,SG3,COM,3155,,FX,,Telefax,X [1P0..1],,27
Kommunikationsverbindung,SG3,COM,3155,,TE,,Telefon,X [1P0..1],,28,,,Kommunikationsverbindung,SG3,COM,3155,,TE,,Telefon,X [1P0..1],,28
Kommunikationsverbindung,SG3,COM,3155,,AJ,,weiteres Telefon,X [1P0..1],,29,,,Kommunikationsverbindung,SG3,COM,3155,,AJ,,weiteres Telefon,X [1P0..1],,29
Kommunikationsverbindung,SG3,COM,3155,,AL,,Handy,X [1P0..1],,30,,,Kommunikationsverbindung,SG3,COM,3155,,AL,,Handy,X [1P0..1],,30
MP-ID Empfänger,SG2,,,,,,,Muss,,31,,,MP-ID Empfänger,SG2,,,,,,,Muss,,31
MP-ID Empfänger,SG2,NAD,,,,,,Muss,,32,,,MP-ID Empfänger,SG2,NAD,,,,,,Muss,,32
MP-ID Empfänger,SG2,NAD,3035,,MR,,Nachrichtenempfänger,X,,33,,,MP-ID Empfänger,SG2,NAD,3035,,MR,,Nachrichtenempfänger,X,,33
MP-ID Empfänger,SG2,NAD,3039,,,,MP-ID,X [280],[280] Nur MP-ID aus Sparte Strom,34,,,MP-ID Empfänger,SG2,NAD,3039,,,,MP-ID,X [280],[280] Nur MP-ID aus Sparte Strom,34
MP-ID Empfänger,SG2,NAD,3055,,9,,GS1,X,,35,,,MP-ID Empfänger,SG2,NAD,3055,,9,,GS1,X,,35
MP-ID Empfänger,SG2,NAD,3055,,293,,"DE, BDEW (Bundesverband der Energie- und Wasserwirtschaft e.V.)",X,,36,,,MP-ID Empfänger,SG2,NAD,3055,,293,,"DE, BDEW (Bundesverband der Energie- und Wasserwirtschaft e.V.)",X,,36
Vorgang,SG4,,,,,,,Muss,,37,,,Vorgang,SG4,,,,,,,Muss,,37
Vorgang,SG4,IDE,,,,,,Muss,,38,,,Vorgang,SG4,IDE,,,,,,Muss,,38
Vorgang,SG4,IDE,7495,,24,,Transaktion,X,,39,,,Vorgang,SG4,IDE,7495,,24,,Transaktion,X,,39
Vorgang,SG4,IDE,7402,,,,Vorgangsnummer,X,,40,,,Vorgang,SG4,IDE,7402,,,,Vorgangsnummer,X,,40
"Änderung zum, Gültigkeit, Beginndatum",SG4,DTM,,,,,,Muss,,41,,,"Änderung zum, Gültigkeit, Beginndatum",SG4,DTM,,,,,,Muss,,41
"Änderung zum, Gültigkeit, Beginndatum",SG4,DTM,2005,,157,,"Gültigkeit, Beginndatum",X,,42,,,"Änderung zum, Gültigkeit, Beginndatum",SG4,DTM,2005,,157,,"Gültigkeit, Beginndatum",X,,42
"Änderung zum, Gültigkeit, Beginndatum",SG4,DTM,2380,,,,"Datum oder Uhrzeit oder Zeitspanne, Wert",X [UB1],,43,,,"Änderung zum, Gültigkeit, Beginndatum",SG4,DTM,2380,,,,"Datum oder Uhrzeit oder Zeitspanne, Wert",X [UB1],,43
"Änderung zum, Gültigkeit, Beginndatum",SG4,DTM,2379,,303,,CCYYMMDDHHMMZZZ,X,,44,,,"Änderung zum, Gültigkeit, Beginndatum",SG4,DTM,2379,,303,,CCYYMMDDHHMMZZZ,X,,44
Transaktionsgrund,SG4,STS,,,,,,Muss [2061],[2061] Segment bzw. Segmentgruppe ist genau einmal je SG4 IDE (Vorgang) anzugeben,45,,,Transaktionsgrund,SG4,STS,,,,,,Muss [2061],[2061] Segment bzw. Segmentgruppe ist genau einmal je SG4 IDE (Vorgang) anzugeben,45
Transaktionsgrund,SG4,STS,9015,,7,,Transaktionsgrund,X,,46,,,Transaktionsgrund,SG4,STS,9015,,7,,Transaktionsgrund,X,,46
Transaktionsgrund,SG4,STS,9013,,ZE3,,Stammdatenänderung,X,,47,,,Transaktionsgrund,SG4,STS,9013,,ZE3,,Stammdatenänderung,X,,47
Status der Antwort,SG4,STS,,,,,,Muss [249],[249] Innerhalb eines SG4 IDE müssen alle DE1131 der SG4 STS+E01 den identischen Wert enthalten ,48,,,Status der Antwort,SG4,STS,,,,,,Muss [249],[249] Innerhalb eines SG4 IDE müssen alle DE1131 der SG4 STS+E01 den identischen Wert enthalten ,48
Status der Antwort,SG4,STS,9015,,E01,,Status der Antwort,X,,49,,,Status der Antwort,SG4,STS,9015,,E01,,Status der Antwort,X,,49
Status der Antwort,SG4,STS,9013,,,,Code des Prüfschritts,X,,50,,,Status der Antwort,SG4,STS,9013,,,,Code des Prüfschritts,X,,50
Status der Antwort,SG4,STS,1131,,Codeliste Strom Nr. S_0029 Codeliste Strom Nr. S_0030,,S_0029 S_0030,X,,51,,,Status der Antwort,SG4,STS,1131,,Codeliste Strom Nr. S_0029 Codeliste Strom Nr. S_0030,,S_0029 S_0030,X,,51
Meldepunkt,SG5,,,,,,,Muss ([20] ∧ [2061]) ⊻ ([54] ∧ [2057] ∧ [2080]),"[20] Wenn SG8 SEQ+Z01 (Daten der Marktlokation) SG10 CCI+Z30++Z07 (Verbrauch) vorhanden
[54] Wenn SG8 SEQ+Z01 (Daten der Marktlokation) SG10 CCI+Z30++Z06 (Lieferrichtung: Erzeugung) vorhanden
[2057] Segmentgruppe ist mindestens einmal je SG4 IDE+24 (Vorgang) anzugeben
[2061] Segment bzw. Segmentgruppe ist genau einmal je SG4 IDE (Vorgang) anzugeben
[2080] Segmentgruppe ist max. zweimal je SG4 IDE+24 (Vorgang) anzugeben",52,,,Meldepunkt,SG5,,,,,,,Muss ([20] ∧ [2061]) ⊻ ([54] ∧ [2057] ∧ [2080]),"[20] Wenn SG8 SEQ+Z01 (Daten der Marktlokation) SG10 CCI+Z30++Z07 (Verbrauch) vorhanden
[54] Wenn SG8 SEQ+Z01 (Daten der Marktlokation) SG10 CCI+Z30++Z06 (Lieferrichtung: Erzeugung) vorhanden
[2057] Segmentgruppe ist mindestens einmal je SG4 IDE+24 (Vorgang) anzugeben
[2061] Segment bzw. Segmentgruppe ist genau einmal je SG4 IDE (Vorgang) anzugeben
[2080] Segmentgruppe ist max. zweimal je SG4 IDE+24 (Vorgang) anzugeben",52
Meldepunkt,SG5,LOC,,,,,,Muss,,53,,,Meldepunkt,SG5,LOC,,,,,,Muss,,53
Meldepunkt,SG5,LOC,3227,,172,,Meldepunkt,X,,54,,,Meldepunkt,SG5,LOC,3227,,172,,Meldepunkt,X,,54
Meldepunkt,SG5,LOC,3225,,,,Identifikator,X [950],[950] Format: Marktlokations-ID,55,,,Meldepunkt,SG5,LOC,3225,,,,Identifikator,X [950],[950] Format: Marktlokations-ID,55
Prüfidentifikator,SG6,,,,,,,Muss,,56,,,Prüfidentifikator,SG6,,,,,,,Muss,,56
Prüfidentifikator,SG6,RFF,,,,,,Muss,,57,,,Prüfidentifikator,SG6,RFF,,,,,,Muss,,57
Prüfidentifikator,SG6,RFF,1153,,Z13,,Prüfidentifikator,X,,58,,,Prüfidentifikator,SG6,RFF,1153,,Z13,,Prüfidentifikator,X,,58
Prüfidentifikator,SG6,RFF,1154,,11192,,Antwort auf Anfrage an ÜNB,X,,59,,,Prüfidentifikator,SG6,RFF,1154,,11192,,Antwort auf Anfrage an ÜNB,X,,59
Referenz Vorgangsnummer (aus Anfragenachricht),SG6,,,,,,,Muss,,60,,,Referenz Vorgangsnummer (aus Anfragenachricht),SG6,,,,,,,Muss,,60
Referenz Vorgangsnummer (aus Anfragenachricht),SG6,RFF,,,,,,Muss,,61,,,Referenz Vorgangsnummer (aus Anfragenachricht),SG6,RFF,,,,,,Muss,,61
Referenz Vorgangsnummer (aus Anfragenachricht),SG6,RFF,1153,,TN,,Transaktions- Referenznummer,X,,62,,,Referenz Vorgangsnummer (aus Anfragenachricht),SG6,RFF,1153,,TN,,Transaktions- Referenznummer,X,,62
Referenz Vorgangsnummer (aus Anfragenachricht),SG6,RFF,1154,,,,Vorgangsnummer,X,,63,,,Referenz Vorgangsnummer (aus Anfragenachricht),SG6,RFF,1154,,,,Vorgangsnummer,X,,63
Daten der Marktlokation,SG8,,,,,,,Muss [2061],[2061] Segment bzw. Segmentgruppe ist genau einmal je SG4 IDE (Vorgang) anzugeben,64,,,Daten der Marktlokation,SG8,,,,,,,Muss [2061],[2061] Segment bzw. Segmentgruppe ist genau einmal je SG4 IDE (Vorgang) anzugeben,64
Daten der Marktlokation,SG8,SEQ,,,,,,Muss,,65,,,Daten der Marktlokation,SG8,SEQ,,,,,,Muss,,65
Daten der Marktlokation,SG8,SEQ,1229,,Z01,,Daten der Marktlokation,X,,66,,,Daten der Marktlokation,SG8,SEQ,1229,,Z01,,Daten der Marktlokation,X,,66
Referenz auf die ID der Marktlokation,SG8,RFF,,,,,,Muss,,67,,,Referenz auf die ID der Marktlokation,SG8,RFF,,,,,,Muss,,67
Referenz auf die ID der Marktlokation,SG8,RFF,1153,,Z18,,Marktlokation,X,,68,,,Referenz auf die ID der Marktlokation,SG8,RFF,1153,,Z18,,Marktlokation,X,,68
Referenz auf die ID der Marktlokation,SG8,RFF,1154,,,,ID der Marktlokation,X [950],[950] Format: Marktlokations-ID,69,,,Referenz auf die ID der Marktlokation,SG8,RFF,1154,,,,ID der Marktlokation,X [950],[950] Format: Marktlokations-ID,69
Veranschlagte Jahresmenge gesamt,SG9,,,,,,,Muss [20] ∧ [106],"[20] Wenn SG8 SEQ+Z01 (Daten der Marktlokation) SG10 CCI+Z30++Z07 (Verbrauch) vorhanden
[106] Wenn in dieser SG8 SEQ+Z01 SG10 CCI+++ZA6 (Prognosegrundlage der Marktlokation: Prognose auf Basis von Profilen) CAV+E02 (SLP/SEP) vorhanden",70,,,Veranschlagte Jahresmenge gesamt,SG9,,,,,,,Muss [20] ∧ [106],"[20] Wenn SG8 SEQ+Z01 (Daten der Marktlokation) SG10 CCI+Z30++Z07 (Verbrauch) vorhanden
[106] Wenn in dieser SG8 SEQ+Z01 SG10 CCI+++ZA6 (Prognosegrundlage der Marktlokation: Prognose auf Basis von Profilen) CAV+E02 (SLP/SEP) vorhanden",70
Veranschlagte Jahresmenge gesamt,SG9,QTY,,,,,,Muss,,71,,,Veranschlagte Jahresmenge gesamt,SG9,QTY,,,,,,Muss,,71
Veranschlagte Jahresmenge gesamt,SG9,QTY,6063,,31,,Veranschlagte Jahresmenge Gesamt,X,,72,,,Veranschlagte Jahresmenge gesamt,SG9,QTY,6063,,31,,Veranschlagte Jahresmenge Gesamt,X,,72
Veranschlagte Jahresmenge gesamt,SG9,QTY,6060,,,,Mengenangabe,X [902] ∧ [937],"[902] Format: Möglicher Wert: ≥ 0
[937] Format: keine Nachkommastelle",73,,,Veranschlagte Jahresmenge gesamt,SG9,QTY,6060,,,,Mengenangabe,X [902] ∧ [937],"[902] Format: Möglicher Wert: ≥ 0
[937] Format: keine Nachkommastelle",73
Veranschlagte Jahresmenge gesamt,SG9,QTY,6411,,KWH,,Kilowattstunde,X,,74,,,Veranschlagte Jahresmenge gesamt,SG9,QTY,6411,,KWH,,Kilowattstunde,X,,74
Lieferrichtung,SG10,,,,,,,Muss,,75,,,Lieferrichtung,SG10,,,,,,,Muss,,75
Lieferrichtung,SG10,CCI,,,,,,Muss,,76,,,Lieferrichtung,SG10,CCI,,,,,,Muss,,76
Lieferrichtung,SG10,CCI,7059,,Z30,,Lieferrichtung,X,,77,,,Lieferrichtung,SG10,CCI,7059,,Z30,,Lieferrichtung,X,,77
Lieferrichtung,SG10,CCI,7037,,Z06,,Erzeugung,X,,78,,,Lieferrichtung,SG10,CCI,7037,,Z06,,Erzeugung,X,,78
Lieferrichtung,SG10,CCI,7037,,Z07,,Verbrauch,X,,79,,,Lieferrichtung,SG10,CCI,7037,,Z07,,Verbrauch,X,,79
Zugeordnete Marktpartner,SG10,,,,,,,Muss,,80,,,Zugeordnete Marktpartner,SG10,,,,,,,Muss,,80
Zugeordnete Marktpartner,SG10,CCI,,,,,,Muss,,81,,,Zugeordnete Marktpartner,SG10,CCI,,,,,,Muss,,81
Zugeordnete Marktpartner,SG10,CCI,7037,,ZB3,,Zugeordneter Marktpartner,X,,82,,,Zugeordnete Marktpartner,SG10,CCI,7037,,ZB3,,Zugeordneter Marktpartner,X,,82
Lieferant,SG10,CAV,,,,,,Muss [300],[300] Wenn SG8 SEQ+Z15 (Daten der Tranche) nicht vorhanden,83,,,Lieferant,SG10,CAV,,,,,,Muss [300],[300] Wenn SG8 SEQ+Z15 (Daten der Tranche) nicht vorhanden,83
Lieferant,SG10,CAV,7111,,Z89,,LF,X,,84,,,Lieferant,SG10,CAV,7111,,Z89,,LF,X,,84
Lieferant,SG10,CAV,1131,,,,MP-ID,X [611],"[611] Hinweis: Wenn das Unternehmen NB die Aufgaben der Marktrolle LF wahrnimmt, ist die MP-ID des Unternehmens NB in der Marktrolle LF anzugeben",85,,,Lieferant,SG10,CAV,1131,,,,MP-ID,X [611],"[611] Hinweis: Wenn das Unternehmen NB die Aufgaben der Marktrolle LF wahrnimmt, ist die MP-ID des Unternehmens NB in der Marktrolle LF anzugeben",85
Übertragungsnetzbetreiber,SG10,CAV,,,,,,Muss,,86,,,Übertragungsnetzbetreiber,SG10,CAV,,,,,,Muss,,86
Übertragungsnetzbetreiber,SG10,CAV,7111,,Z90,,ÜNB,X,,87,,,Übertragungsnetzbetreiber,SG10,CAV,7111,,Z90,,ÜNB,X,,87
Übertragungsnetzbetreiber,SG10,CAV,1131,,,,MP-ID,X,,88,,,Übertragungsnetzbetreiber,SG10,CAV,1131,,,,MP-ID,X,,88
Messstellenbetreiber,SG10,CAV,,,,,,Muss [19],[19] Wenn SG8 SEQ+Z01 (Daten der Marktlokation) SG10 CCI+++ZC0 (Prognose auf Basis von Werten) vorhanden,89,,,Messstellenbetreiber,SG10,CAV,,,,,,Muss [19],[19] Wenn SG8 SEQ+Z01 (Daten der Marktlokation) SG10 CCI+++ZC0 (Prognose auf Basis von Werten) vorhanden,89
Messstellenbetreiber,SG10,CAV,7111,,Z91,,MSB,X,,90,,,Messstellenbetreiber,SG10,CAV,7111,,Z91,,MSB,X,,90
Messstellenbetreiber,SG10,CAV,1131,,,,MP-ID,X,,91,,,Messstellenbetreiber,SG10,CAV,1131,,,,MP-ID,X,,91
Regelzone,SG10,,,,,,,Muss,,92,,,Regelzone,SG10,,,,,,,Muss,,92
Regelzone,SG10,CCI,,,,,,Muss,,93,,,Regelzone,SG10,CCI,,,,,,Muss,,93
Regelzone,SG10,CCI,7059,,Z18,,Regelzone,X,,94,,,Regelzone,SG10,CCI,7059,,Z18,,Regelzone,X,,94
Regelzone,SG10,CCI,7037,,,,Regelzone,X,,95,,,Regelzone,SG10,CCI,7037,,,,Regelzone,X,,95
Bilanzkreis,SG10,,,,,,,Muss [2061] ∧ [300],"[300] Wenn SG8 SEQ+Z15 (Daten der Tranche) nicht vorhanden
[2061] Segment bzw. Segmentgruppe ist genau einmal je SG4 IDE (Vorgang) anzugeben",96,,,Bilanzkreis,SG10,,,,,,,Muss [2061] ∧ [300],"[300] Wenn SG8 SEQ+Z15 (Daten der Tranche) nicht vorhanden
[2061] Segment bzw. Segmentgruppe ist genau einmal je SG4 IDE (Vorgang) anzugeben",96
Bilanzkreis,SG10,CCI,,,,,,Muss,,97,,,Bilanzkreis,SG10,CCI,,,,,,Muss,,97
Bilanzkreis,SG10,CCI,7059,,Z19,,Bilanzkreis,X,,98,,,Bilanzkreis,SG10,CCI,7059,,Z19,,Bilanzkreis,X,,98
Bilanzkreis,SG10,CCI,7037,,,,Bilanzkreis,X,,99,,,Bilanzkreis,SG10,CCI,7037,,,,Bilanzkreis,X,,99
Bilanzierungsgebiet,SG10,,,,,,,Muss,,100,,,Bilanzierungsgebiet,SG10,,,,,,,Muss,,100
Bilanzierungsgebiet,SG10,CCI,,,,,,Muss,,101,,,Bilanzierungsgebiet,SG10,CCI,,,,,,Muss,,101
Bilanzierungsgebiet,SG10,CCI,7059,,Z20,,Bilanzierungsgebiet,X,,102,,,Bilanzierungsgebiet,SG10,CCI,7059,,Z20,,Bilanzierungsgebiet,X,,102
Bilanzierungsgebiet,SG10,CCI,7037,,,,Bilanzierungsgebiet,X,,103,,,Bilanzierungsgebiet,SG10,CCI,7037,,,,Bilanzierungsgebiet,X,,103
Zeitreihentyp,SG10,,,,,,,Muss [2061],[2061] Segment bzw. Segmentgruppe ist genau einmal je SG4 IDE (Vorgang) anzugeben,104,,,Zeitreihentyp,SG10,,,,,,,Muss [2061],[2061] Segment bzw. Segmentgruppe ist genau einmal je SG4 IDE (Vorgang) anzugeben,104
Zeitreihentyp,SG10,CCI,,,,,,Muss,,105,,,Zeitreihentyp,SG10,CCI,,,,,,Muss,,105
Zeitreihentyp,SG10,CCI,7059,,15,,Struktur,X,,106,,,Zeitreihentyp,SG10,CCI,7059,,15,,Struktur,X,,106
Zeitreihentyp,SG10,CCI,7037,,Z21,,Summenzeitreihentyp,X,,107,,,Zeitreihentyp,SG10,CCI,7037,,Z21,,Summenzeitreihentyp,X,,107
Zeitreihentyp,SG10,CAV,,,,,,Muss,,108,,,Zeitreihentyp,SG10,CAV,,,,,,Muss,,108
Zeitreihentyp,SG10,CAV,7111,,,,Code des Zeitreihentyps,X,,109,,,Zeitreihentyp,SG10,CAV,7111,,,,Code des Zeitreihentyps,X,,109
Spannungsebene der Marktlokation,SG10,,,,,,,Muss,,110,,,Spannungsebene der Marktlokation,SG10,,,,,,,Muss,,110
Spannungsebene der Marktlokation,SG10,CCI,,,,,,Muss,,111,,,Spannungsebene der Marktlokation,SG10,CCI,,,,,,Muss,,111
Spannungsebene der Marktlokation,SG10,CCI,7037,,E03,,Spannungsebene der Marktlokation,X,,112,,,Spannungsebene der Marktlokation,SG10,CCI,7037,,E03,,Spannungsebene der Marktlokation,X,,112
Spannungsebene der Marktlokation,SG10,CAV,,,,,,Muss,,113,,,Spannungsebene der Marktlokation,SG10,CAV,,,,,,Muss,,113
Spannungsebene der Marktlokation,SG10,CAV,7111,,E03,,Höchstspannung,X,,114,,,Spannungsebene der Marktlokation,SG10,CAV,7111,,E03,,Höchstspannung,X,,114
Spannungsebene der Marktlokation,SG10,CAV,7111,,E04,,Hochspannung,X,,115,,,Spannungsebene der Marktlokation,SG10,CAV,7111,,E04,,Hochspannung,X,,115
Spannungsebene der Marktlokation,SG10,CAV,7111,,E05,,Mittelspannung,X,,116,,,Spannungsebene der Marktlokation,SG10,CAV,7111,,E05,,Mittelspannung,X,,116
Spannungsebene der Marktlokation,SG10,CAV,7111,,E06,,Niederspannung,X,,117,,,Spannungsebene der Marktlokation,SG10,CAV,7111,,E06,,Niederspannung,X,,117
Umspannung der Marktlokation,SG10,CAV,,,,,,Soll [166],[166] Wenn vorhanden,118,,,Umspannung der Marktlokation,SG10,CAV,,,,,,Soll [166],[166] Wenn vorhanden,118
Umspannung der Marktlokation,SG10,CAV,7111,,E07,,Hös/HS Umspannung,X [116],,119,,,Umspannung der Marktlokation,SG10,CAV,7111,,E07,,Hös/HS Umspannung,X [116],,119
Umspannung der Marktlokation,SG10,CAV,7111,,E08,,HS/MS Umspannung,X [115],,120,,,Umspannung der Marktlokation,SG10,CAV,7111,,E08,,HS/MS Umspannung,X [115],,120
Umspannung der Marktlokation,SG10,CAV,7111,,E09,,MS/NS Umspannung,X [114],"[114] Wenn das SG10 CCI+E03 (Spannungsebene der Marktlokation) CAV E06 (Niederspannung) in dieser SG vorhanden
[115] Wenn das SG10 CCI+E03 (Spannungsebene der Marktlokation) CAV E05 (Mittelspannung) in dieser SG vorhanden
[116] Wenn das SG10 CCI+E03 (Spannungsebene der Marktlokation) CAV E04 (Hochspannung) in dieser SG vorhanden",121,,,Umspannung der Marktlokation,SG10,CAV,7111,,E09,,MS/NS Umspannung,X [114],"[114] Wenn das SG10 CCI+E03 (Spannungsebene der Marktlokation) CAV E06 (Niederspannung) in dieser SG vorhanden
[115] Wenn das SG10 CCI+E03 (Spannungsebene der Marktlokation) CAV E05 (Mittelspannung) in dieser SG vorhanden
[116] Wenn das SG10 CCI+E03 (Spannungsebene der Marktlokation) CAV E04 (Hochspannung) in dieser SG vorhanden",121
Aggregationsverantwortung in MaBiS,SG10,,,,,,,Muss,,122,,,Aggregationsverantwortung in MaBiS,SG10,,,,,,,Muss,,122
Aggregationsverantwortung in MaBiS,SG10,CCI,,,,,,Muss,,123,,,Aggregationsverantwortung in MaBiS,SG10,CCI,,,,,,Muss,,123
Aggregationsverantwortung in MaBiS,SG10,CCI,7059,,6,,Verantwortlicher,X,,124,,,Aggregationsverantwortung in MaBiS,SG10,CCI,7059,,6,,Verantwortlicher,X,,124
Aggregationsverantwortung in MaBiS,SG10,CCI,7037,,ZA8,,NB,X,,125,,,Aggregationsverantwortung in MaBiS,SG10,CCI,7037,,ZA8,,NB,X,,125
Aggregationsverantwortung in MaBiS,SG10,CCI,7037,,ZA9,,ÜNB,X,,126,,,Aggregationsverantwortung in MaBiS,SG10,CCI,7037,,ZA9,,ÜNB,X,,126
Prognosegrundlage der Marktlokation,SG10,,,,,,,Muss,,127,,,Prognosegrundlage der Marktlokation,SG10,,,,,,,Muss,,127
Prognosegrundlage der Marktlokation,SG10,CCI,,,,,,Muss,,128,,,Prognosegrundlage der Marktlokation,SG10,CCI,,,,,,Muss,,128
Prognosegrundlage der Marktlokation,SG10,CCI,7037,,ZC0,,Prognose auf Basis von Werten,X,,129,,,Prognosegrundlage der Marktlokation,SG10,CCI,7037,,ZC0,,Prognose auf Basis von Werten,X,,129
Prognosegrundlage der Marktlokation,SG10,CCI,7037,,ZA6,,Prognose auf Basis von Profilen,X,,130,,,Prognosegrundlage der Marktlokation,SG10,CCI,7037,,ZA6,,Prognose auf Basis von Profilen,X,,130
Details der Prognosegrundlage,SG10,CAV,,,,,,Muss [20] ∧ [21] ∧ [2182],"[20] Wenn SG8 SEQ+Z01 (Daten der Marktlokation) SG10 CCI+Z30++Z07 (Verbrauch) vorhanden
[21] Wenn SG10 CCI+++ZA6 (Prognose auf Basis von Profilen) in dieser SG8 vorhanden
[2182] Segmentgruppe ist genau einmal je SG8 SEQ+Z01 (Daten der Marktlokation) anzugeben",131,,,Details der Prognosegrundlage,SG10,CAV,,,,,,Muss [20] ∧ [21] ∧ [2182],"[20] Wenn SG8 SEQ+Z01 (Daten der Marktlokation) SG10 CCI+Z30++Z07 (Verbrauch) vorhanden
[21] Wenn SG10 CCI+++ZA6 (Prognose auf Basis von Profilen) in dieser SG8 vorhanden
[2182] Segmentgruppe ist genau einmal je SG8 SEQ+Z01 (Daten der Marktlokation) anzugeben",131
Details der Prognosegrundlage,SG10,CAV,7111,,E02,,SLP/SEP,X,,132,,,Details der Prognosegrundlage,SG10,CAV,7111,,E02,,SLP/SEP,X,,132
OBIS-Daten der Marktlokation,SG8,,,,,,,Muss [19] ∧ [300],"[19] Wenn SG8 SEQ+Z01 (Daten der Marktlokation) SG10 CCI+++ZC0 (Prognose auf Basis von Werten) vorhanden
[300] Wenn SG8 SEQ+Z15 (Daten der Tranche) nicht vorhanden",133,,,OBIS-Daten der Marktlokation,SG8,,,,,,,Muss [19] ∧ [300],"[19] Wenn SG8 SEQ+Z01 (Daten der Marktlokation) SG10 CCI+++ZC0 (Prognose auf Basis von Werten) vorhanden
[300] Wenn SG8 SEQ+Z15 (Daten der Tranche) nicht vorhanden",133
OBIS-Daten der Marktlokation,SG8,SEQ,,,,,,Muss,,134,,,OBIS-Daten der Marktlokation,SG8,SEQ,,,,,,Muss,,134
OBIS-Daten der Marktlokation,SG8,SEQ,1229,,Z02,,OBIS-Daten der Marktlokation,X,,135,,,OBIS-Daten der Marktlokation,SG8,SEQ,1229,,Z02,,OBIS-Daten der Marktlokation,X,,135
Referenz auf die ID der Marktlokation,SG8,RFF,,,,,,Muss,,136,,,Referenz auf die ID der Marktlokation,SG8,RFF,,,,,,Muss,,136
Referenz auf die ID der Marktlokation,SG8,RFF,1153,,Z18,,Marktlokation,X,,137,,,Referenz auf die ID der Marktlokation,SG8,RFF,1153,,Z18,,Marktlokation,X,,137
Referenz auf die ID der Marktlokation,SG8,RFF,1154,,,,ID einer Marktlokation,X [950],[950] Format: Marktlokations-ID,138,,,Referenz auf die ID der Marktlokation,SG8,RFF,1154,,,,ID einer Marktlokation,X [950],[950] Format: Marktlokations-ID,138
OBIS-Kennzahl der Marktlokation,SG8,PIA,,,,,,Muss,,139,,,OBIS-Kennzahl der Marktlokation,SG8,PIA,,,,,,Muss,,139
OBIS-Kennzahl der Marktlokation,SG8,PIA,4347,,5,,Produktidentifikation,X,,140,,,OBIS-Kennzahl der Marktlokation,SG8,PIA,4347,,5,,Produktidentifikation,X,,140
OBIS-Kennzahl der Marktlokation,SG8,PIA,7140,,,,OBIS-Kennzahl der Marktlokation,X [614],[614] Hinweis: Es werden nur die OBIS Kennzahlen übermittelt die für die Bilanzierung relevant sind,141,,,OBIS-Kennzahl der Marktlokation,SG8,PIA,7140,,,,OBIS-Kennzahl der Marktlokation,X [614],[614] Hinweis: Es werden nur die OBIS Kennzahlen übermittelt die für die Bilanzierung relevant sind,141
OBIS-Kennzahl der Marktlokation,SG8,PIA,7143,,SRW,,OBIS-Kennzahl,X,,142,,,OBIS-Kennzahl der Marktlokation,SG8,PIA,7143,,SRW,,OBIS-Kennzahl,X,,142
OBIS Daten für Lieferant relevant,SG10,,,,,,,Muss,,143,,,OBIS Daten für Lieferant relevant,SG10,,,,,,,Muss,,143
OBIS Daten für Lieferant relevant,SG10,CCI,,,,,,Muss,,144,,,OBIS Daten für Lieferant relevant,SG10,CCI,,,,,,Muss,,144
OBIS Daten für Lieferant relevant,SG10,CCI,7037,,ZA7,,LF,X,,145,,,OBIS Daten für Lieferant relevant,SG10,CCI,7037,,ZA7,,LF,X,,145
Verwendungszweck der Werte,SG10,CAV,,,,,,Muss,,146,,,Verwendungszweck der Werte,SG10,CAV,,,,,,Muss,,146
Verwendungszweck der Werte,SG10,CAV,7111,,Z85,,Bilanzkreisabrechnung,X,,147,,,Verwendungszweck der Werte,SG10,CAV,7111,,Z85,,Bilanzkreisabrechnung,X,,147
OBIS Daten für Übertragungsnetzbetreiber relevant,SG10,,,,,,,Muss,,148,,,OBIS Daten für Übertragungsnetzbetreiber relevant,SG10,,,,,,,Muss,,148
OBIS Daten für Übertragungsnetzbetreiber relevant,SG10,CCI,,,,,,Muss,,149,,,OBIS Daten für Übertragungsnetzbetreiber relevant,SG10,CCI,,,,,,Muss,,149
OBIS Daten für Übertragungsnetzbetreiber relevant,SG10,CCI,7037,,ZA9,,ÜNB,X,,150,,,OBIS Daten für Übertragungsnetzbetreiber relevant,SG10,CCI,7037,,ZA9,,ÜNB,X,,150
Verwendungszweck der Werte,SG10,CAV,,,,,,Muss,,151,,,Verwendungszweck der Werte,SG10,CAV,,,,,,Muss,,151
Verwendungszweck der Werte,SG10,CAV,7111,,Z85,,Bilanzkreisabrechnung,X [1P0..1],,152,,,Verwendungszweck der Werte,SG10,CAV,7111,,Z85,,Bilanzkreisabrechnung,X [1P0..1],,152
Verwendungszweck der Werte,SG10,CAV,7111,,ZB5,,Zur Ermittlung der Ausgeglichenheit von Bilanzkreisen,X [1P1..1],,153,,,Verwendungszweck der Werte,SG10,CAV,7111,,ZB5,,Zur Ermittlung der Ausgeglichenheit von Bilanzkreisen,X [1P1..1],,153
Daten der Tranche,SG8,,,,,,,Muss [54] ∧ [2307] ∧ [607],"[54] Wenn SG8 SEQ+Z01 (Daten der Marktlokation) SG10 CCI+Z30++Z06 (Lieferrichtung: Erzeugung) vorhanden
[607] Hinweis: In diesem Segment bzw. SG sind die zwischen LF und NB im Rahmen der Marktkommunikation ausgetauschten Daten aus der Sicht des NB anzugeben
[2307] Für jede 11- stellige ID im SG5 LOC+172 (Meldepunkt) DE3225 auf die das RFF+Z18 (Marktlokation) der SG8+Z01(Daten der Marktlokation) nicht referenziert genau einmal anzugeben",154,,,Daten der Tranche,SG8,,,,,,,Muss [54] ∧ [2307] ∧ [607],"[54] Wenn SG8 SEQ+Z01 (Daten der Marktlokation) SG10 CCI+Z30++Z06 (Lieferrichtung: Erzeugung) vorhanden
[607] Hinweis: In diesem Segment bzw. SG sind die zwischen LF und NB im Rahmen der Marktkommunikation ausgetauschten Daten aus der Sicht des NB anzugeben
[2307] Für jede 11- stellige ID im SG5 LOC+172 (Meldepunkt) DE3225 auf die das RFF+Z18 (Marktlokation) der SG8+Z01(Daten der Marktlokation) nicht referenziert genau einmal anzugeben",154
Daten der Tranche,SG8,SEQ,,,,,,Muss,,155,,,Daten der Tranche,SG8,SEQ,,,,,,Muss,,155
Daten der Tranche,SG8,SEQ,1229,,Z15,,Daten der Tranche,X,,156,,,Daten der Tranche,SG8,SEQ,1229,,Z15,,Daten der Tranche,X,,156
Referenz auf die ID der Tranche,SG8,RFF,,,,,,Muss,,157,,,Referenz auf die ID der Tranche,SG8,RFF,,,,,,Muss,,157
Referenz auf die ID der Tranche,SG8,RFF,1153,,Z20,,Tranche,X,,158,,,Referenz auf die ID der Tranche,SG8,RFF,1153,,Z20,,Tranche,X,,158
Referenz auf die ID der Tranche,SG8,RFF,1154,,,,ID der Tranche,X [950],[950] Format: Marktlokations-ID,159,,,Referenz auf die ID der Tranche,SG8,RFF,1154,,,,ID der Tranche,X [950],[950] Format: Marktlokations-ID,159
Prozentualer Anteil der Tranche an der erzeugenden Marktlokation,SG9,,,,,,,Muss [384],[384] Wenn SG10 CCI+Z37++ZD1 (Basis zur Bildung der Tranchengröße) (Prozentual) vorhanden,160,,,Prozentualer Anteil der Tranche an der erzeugenden Marktlokation,SG9,,,,,,,Muss [384],[384] Wenn SG10 CCI+Z37++ZD1 (Basis zur Bildung der Tranchengröße) (Prozentual) vorhanden,160
Prozentualer Anteil der Tranche an der erzeugenden Marktlokation,SG9,QTY,,,,,,Muss,,161,,,Prozentualer Anteil der Tranche an der erzeugenden Marktlokation,SG9,QTY,,,,,,Muss,,161
Prozentualer Anteil der Tranche an der erzeugenden Marktlokation,SG9,QTY,6063,,11,,Aufteilungsmenge,X,,162,,,Prozentualer Anteil der Tranche an der erzeugenden Marktlokation,SG9,QTY,6063,,11,,Aufteilungsmenge,X,,162
Prozentualer Anteil der Tranche an der erzeugenden Marktlokation,SG9,QTY,6060,,,,Mengenangabe in %,X [914] ∧ [930] ∧ [955],"[914] Format: Möglicher Wert: > 0
[930] Format: max. 2 Nachkommastellen
[955] Format: Möglicher Wert: < 100",163,,,Prozentualer Anteil der Tranche an der erzeugenden Marktlokation,SG9,QTY,6060,,,,Mengenangabe in %,X [914] ∧ [930] ∧ [955],"[914] Format: Möglicher Wert: > 0
[930] Format: max. 2 Nachkommastellen
[955] Format: Möglicher Wert: < 100",163
Prozentualer Anteil der Tranche an der erzeugenden Marktlokation,SG9,QTY,6411,,P1,,Prozent,X,,164,,,Prozentualer Anteil der Tranche an der erzeugenden Marktlokation,SG9,QTY,6411,,P1,,Prozent,X,,164
Zugeordnete Marktpartner,SG10,,,,,,,Muss,,165,,,Zugeordnete Marktpartner,SG10,,,,,,,Muss,,165
Zugeordnete Marktpartner,SG10,CCI,,,,,,Muss,,166,,,Zugeordnete Marktpartner,SG10,CCI,,,,,,Muss,,166
Zugeordnete Marktpartner,SG10,CCI,7037,,ZB3,,Zugeordneter Marktpartner,X,,167,,,Zugeordnete Marktpartner,SG10,CCI,7037,,ZB3,,Zugeordneter Marktpartner,X,,167
Lieferant,SG10,CAV,,,,,,Muss,,168,,,Lieferant,SG10,CAV,,,,,,Muss,,168
Lieferant,SG10,CAV,7111,,Z89,,LF,X,,169,,,Lieferant,SG10,CAV,7111,,Z89,,LF,X,,169
Lieferant,SG10,CAV,1131,,,,MP-ID,X,,170,,,Lieferant,SG10,CAV,1131,,,,MP-ID,X,,170
Bilanzkreis,SG10,,,,,,,Muss,,171,,,Bilanzkreis,SG10,,,,,,,Muss,,171
Bilanzkreis,SG10,CCI,,,,,,Muss,,172,,,Bilanzkreis,SG10,CCI,,,,,,Muss,,172
Bilanzkreis,SG10,CCI,7059,,Z19,,Bilanzkreis,X,,173,,,Bilanzkreis,SG10,CCI,7059,,Z19,,Bilanzkreis,X,,173
Bilanzkreis,SG10,CCI,7037,,,,Bilanzkreis,X,,174,,,Bilanzkreis,SG10,CCI,7037,,,,Bilanzkreis,X,,174
Basis zur Bildung der Tranchengröße,SG10,,,,,,,Muss,,175,,,Basis zur Bildung der Tranchengröße,SG10,,,,,,,Muss,,175
Basis zur Bildung der Tranchengröße,SG10,CCI,,,,,,Muss,,176,,,Basis zur Bildung der Tranchengröße,SG10,CCI,,,,,,Muss,,176
Basis zur Bildung der Tranchengröße,SG10,CCI,7059,,Z37,,Basis zur Bildung der Tranchengröße,X,,177,,,Basis zur Bildung der Tranchengröße,SG10,CCI,7059,,Z37,,Basis zur Bildung der Tranchengröße,X,,177
Basis zur Bildung der Tranchengröße,SG10,CCI,7037,,ZD1,,Prozentual,X,,178,,,Basis zur Bildung der Tranchengröße,SG10,CCI,7037,,ZD1,,Prozentual,X,,178
Basis zur Bildung der Tranchengröße,SG10,CCI,7037,,ZD2,,Aufteilungsfaktor auf Basis von Referenzenträger/ installierter Leistung,X,,179,,,Basis zur Bildung der Tranchengröße,SG10,CCI,7037,,ZD2,,Aufteilungsfaktor auf Basis von Referenzenträger/ installierter Leistung,X,,179
OBIS-Daten der Tranche,SG8,,,,,,,Muss [2308] ∧ [607],"[607] Hinweis: In diesem Segment bzw. SG sind die zwischen LF und NB im Rahmen der Marktkommunikation ausgetauschten Daten aus der Sicht des NB anzugeben
[2308] Für jede ID im SG5 LOC+172 (Meldepunkt) DE3225, auf die ein SG8 RFF+Z20 (Tranche) einer SG8 SEQ+Z15 (Daten der Tranche) referenziert, ist diese Segmentgruppe mindestens einmal anzugeben",180,,,OBIS-Daten der Tranche,SG8,,,,,,,Muss [2308] ∧ [607],"[607] Hinweis: In diesem Segment bzw. SG sind die zwischen LF und NB im Rahmen der Marktkommunikation ausgetauschten Daten aus der Sicht des NB anzugeben
[2308] Für jede ID im SG5 LOC+172 (Meldepunkt) DE3225, auf die ein SG8 RFF+Z20 (Tranche) einer SG8 SEQ+Z15 (Daten der Tranche) referenziert, ist diese Segmentgruppe mindestens einmal anzugeben",180
OBIS-Daten der Tranche,SG8,SEQ,,,,,,Muss,,181,,,OBIS-Daten der Tranche,SG8,SEQ,,,,,,Muss,,181
OBIS-Daten der Tranche,SG8,SEQ,1229,,Z17,,OBIS-Daten der Tranche,X,,182,,,OBIS-Daten der Tranche,SG8,SEQ,1229,,Z17,,OBIS-Daten der Tranche,X,,182
Referenz auf die ID einer Tranche,SG8,RFF,,,,,,Muss,,183,,,Referenz auf die ID einer Tranche,SG8,RFF,,,,,,Muss,,183
Referenz auf die ID einer Tranche,SG8,RFF,1153,,Z20,,Tranche,X,,184,,,Referenz auf die ID einer Tranche,SG8,RFF,1153,,Z20,,Tranche,X,,184
Referenz auf die ID einer Tranche,SG8,RFF,1154,,,,ID einer Tranche,X [950],[950] Format: Marktlokations-ID,185,,,Referenz auf die ID einer Tranche,SG8,RFF,1154,,,,ID einer Tranche,X [950],[950] Format: Marktlokations-ID,185
OBIS-Kennzahl der Tranche,SG8,PIA,,,,,,Muss,,186,,,OBIS-Kennzahl der Tranche,SG8,PIA,,,,,,Muss,,186
OBIS-Kennzahl der Tranche,SG8,PIA,4347,,5,,Produktidentifikation,X,,187,,,OBIS-Kennzahl der Tranche,SG8,PIA,4347,,5,,Produktidentifikation,X,,187
OBIS-Kennzahl der Tranche,SG8,PIA,7140,,,,OBIS-Kennzahl der Tranche,X [269],[269] Es sind alle OBIS- Kennzahlen gem. EDI@Energy Codeliste der OBIS-Kennzahlen und Medien für den deutschen Energiemarkt Kap.3 anzugeben welche an der Tranche erforderlich sind,188,,,OBIS-Kennzahl der Tranche,SG8,PIA,7140,,,,OBIS-Kennzahl der Tranche,X [269],[269] Es sind alle OBIS- Kennzahlen gem. EDI@Energy Codeliste der OBIS-Kennzahlen und Medien für den deutschen Energiemarkt Kap.3 anzugeben welche an der Tranche erforderlich sind,188
OBIS-Kennzahl der Tranche,SG8,PIA,7143,,SRW,,OBIS-Kennzahl,X,,189,,,OBIS-Kennzahl der Tranche,SG8,PIA,7143,,SRW,,OBIS-Kennzahl,X,,189
OBIS Daten für Lieferant relevant,SG10,,,,,,,Muss,,190,,,OBIS Daten für Lieferant relevant,SG10,,,,,,,Muss,,190
OBIS Daten für Lieferant relevant,SG10,CCI,,,,,,Muss,,191,,,OBIS Daten für Lieferant relevant,SG10,CCI,,,,,,Muss,,191
OBIS Daten für Lieferant relevant,SG10,CCI,7037,,ZA7,,LF,X,,192,,,OBIS Daten für Lieferant relevant,SG10,CCI,7037,,ZA7,,LF,X,,192
Verwendungszweck der Werte,SG10,CAV,,,,,,Muss,,193,,,Verwendungszweck der Werte,SG10,CAV,,,,,,Muss,,193
Verwendungszweck der Werte,SG10,CAV,7111,,Z85,,Bilanzkreisabrechnung,X,,194,,,Verwendungszweck der Werte,SG10,CAV,7111,,Z85,,Bilanzkreisabrechnung,X,,194
OBIS Daten für Übertragungsnetzbetreiber relevant,SG10,,,,,,,Muss,,195,,,OBIS Daten für Übertragungsnetzbetreiber relevant,SG10,,,,,,,Muss,,195
OBIS Daten für Übertragungsnetzbetreiber relevant,SG10,CCI,,,,,,Muss,,196,,,OBIS Daten für Übertragungsnetzbetreiber relevant,SG10,CCI,,,,,,Muss,,196
OBIS Daten für Übertragungsnetzbetreiber relevant,SG10,CCI,7037,,ZA9,,ÜNB,X,,197,,,OBIS Daten für Übertragungsnetzbetreiber relevant,SG10,CCI,7037,,ZA9,,ÜNB,X,,197
Verwendungszweck der Werte,SG10,CAV,,,,,,Muss,,198,,,Verwendungszweck der Werte,SG10,CAV,,,,,,Muss,,198
Verwendungszweck der Werte,SG10,CAV,7111,,Z85,,Bilanzkreisabrechnung,X [1P0..1],,199,,,Verwendungszweck der Werte,SG10,CAV,7111,,Z85,,Bilanzkreisabrechnung,X [1P0..1],,199
Verwendungszweck der Werte,SG10,CAV,7111,,ZB5,,Zur Ermittlung der Ausgeglichenheit von Bilanzkreisen,X [1P1..1],,200,,,Verwendungszweck der Werte,SG10,CAV,7111,,ZB5,,Zur Ermittlung der Ausgeglichenheit von Bilanzkreisen,X [1P1..1],,200
Profildaten (Strom),SG8,,,,,,,Muss [119] ∧ [607],"[119] Wenn in der SG8 SEQ+Z01 SG10 CCI+++ZA6 (Prognosegrundlage der Marktlokation: Prognose auf Basis von Profilen) CAV+E02 (SLP/SEP) vorhanden
[607] Hinweis: In diesem Segment bzw. SG sind die zwischen LF und NB im Rahmen der Marktkommunikation ausgetauschten Daten aus der Sicht des NB anzugeben",201,,,Profildaten (Strom),SG8,,,,,,,Muss [119] ∧ [607],"[119] Wenn in der SG8 SEQ+Z01 SG10 CCI+++ZA6 (Prognosegrundlage der Marktlokation: Prognose auf Basis von Profilen) CAV+E02 (SLP/SEP) vorhanden
[607] Hinweis: In diesem Segment bzw. SG sind die zwischen LF und NB im Rahmen der Marktkommunikation ausgetauschten Daten aus der Sicht des NB anzugeben",201
Profildaten (Strom),SG8,SEQ,,,,,,Muss,,202,,,Profildaten (Strom),SG8,SEQ,,,,,,Muss,,202
Profildaten (Strom),SG8,SEQ,1229,,Z21,,Profildaten,X,,203,,,Profildaten (Strom),SG8,SEQ,1229,,Z21,,Profildaten,X,,203
Referenz auf die ID der Marktlokation,SG8,RFF,,,,,,Muss,,204,,,Referenz auf die ID der Marktlokation,SG8,RFF,,,,,,Muss,,204
Referenz auf die ID der Marktlokation,SG8,RFF,1153,,Z18,,Marktlokation,X,,205,,,Referenz auf die ID der Marktlokation,SG8,RFF,1153,,Z18,,Marktlokation,X,,205
Referenz auf die ID der Marktlokation,SG8,RFF,1154,,,,ID einer Marktlokation,X [950],[950] Format: Marktlokations-ID,206,,,Referenz auf die ID der Marktlokation,SG8,RFF,1154,,,,ID einer Marktlokation,X [950],[950] Format: Marktlokations-ID,206
Normiertes Profil (Strom),SG10,,,,,,,Muss,,207,,,Normiertes Profil (Strom),SG10,,,,,,,Muss,,207
Normiertes Profil (Strom),SG10,CCI,,,,,,Muss,,208,,,Normiertes Profil (Strom),SG10,CCI,,,,,,Muss,,208
Normiertes Profil (Strom),SG10,CCI,7059,,Z02,,Standardlastprofil,X [20],[20] Wenn SG8 SEQ+Z01 (Daten der Marktlokation) SG10 CCI+Z30++Z07 (Verbrauch) vorhanden,209,,,Normiertes Profil (Strom),SG10,CCI,7059,,Z02,,Standardlastprofil,X [20],[20] Wenn SG8 SEQ+Z01 (Daten der Marktlokation) SG10 CCI+Z30++Z07 (Verbrauch) vorhanden,209
Normiertes Profil (Strom),SG10,CCI,7037,,E01,,synthetisches Verfahren,X,,210,,,Normiertes Profil (Strom),SG10,CCI,7037,,E01,,synthetisches Verfahren,X,,210
Normiertes Profil (Strom),SG10,CAV,,,,,,Muss,,211,,,Normiertes Profil (Strom),SG10,CAV,,,,,,Muss,,211
Normiertes Profil (Strom),SG10,CAV,7111,,,,Code des Normierten Profils,X,,212,,,Normiertes Profil (Strom),SG10,CAV,7111,,,,Code des Normierten Profils,X,,212
Nachrichten-Endesegment,,UNT,,,,,,Muss,,213,,,Nachrichten-Endesegment,,UNT,,,,,,Muss,,213
Nachrichten-Endesegment,,UNT,0074,,,,Anzahl der Segmente in einer Nachricht,X,,214,,,Nachrichten-Endesegment,,UNT,0074,,,,Anzahl der Segmente in einer Nachricht,X,,214
Nachrichten-Endesegment,,UNT,0062,,,,Nachrichten-Referenznummer,X,,215,,,Nachrichten-Endesegment,,UNT,0062,,,,Nachrichten-Referenznummer,X,,215
