Segmentname_FV2404,Segmentgruppe_FV2404,Segment_FV2404,Datenelement_FV2404,Segment ID_FV2404,Code_FV2404,Qualifier_FV2404,Beschreibung_FV2404,Bedingungsausdruck_FV2404,Bedingung_FV2404,Unnamed: 0_FV2404,Änderung,changed_entries,Segmentname_FV2410,Segmentgruppe_FV2410,Segment_FV2410,Datenelement_FV2410,Segment ID_FV2410,Code_FV2410,Qualifier_FV2410,Beschreibung_FV2410,Bedingungsausdruck_FV2410,Bedingung_FV2410,Unnamed: 0_FV2410
Nachrichten-Kopfsegment,,UNH,,00003,,,,Muss,,0,,,Nachrichten-Kopfsegment,,UNH,,00003,,,,Muss,,0
Nachrichten-Kopfsegment,,UNH,0062,00003,,,Nachrichten-Referenznummer,X,,1,,,Nachrichten-Kopfsegment,,UNH,0062,00003,,,Nachrichten-Referenznummer,X,,1
Nachrichten-Kopfsegment,,UNH,0065,00003,UTILMD,,Netzanschluss- Stammdaten,X,,2,,,Nachrichten-Kopfsegment,,UNH,0065,00003,UTILMD,,Netzanschluss- Stammdaten,X,,2
Nachrichten-Kopfsegment,,UNH,0052,00003,D,,Entwurfs-Version,X,,3,,,Nachrichten-Kopfsegment,,UNH,0052,00003,D,,Entwurfs-Version,X,,3
Nachrichten-Kopfsegment,,UNH,0054,00003,11A,,Ausgabe 2011 - A,X,,4,,,Nachrichten-Kopfsegment,,UNH,0054,00003,11A,,Ausgabe 2011 - A,X,,4
Nachrichten-Kopfsegment,,UNH,0051,00003,UN,,UN/CEFACT,X,,5,,,Nachrichten-Kopfsegment,,UNH,0051,00003,UN,,UN/CEFACT,X,,5
Nachrichten-Kopfsegment,,UNH,0057,00003,Versionsnummer der zugrundeliegenden BDEW- Nachrichtenbeschreibung,,S1.1a,X,,6,,,Nachrichten-Kopfsegment,,UNH,0057,00003,Versionsnummer der zugrundeliegenden BDEW- Nachrichtenbeschreibung,,S1.1a,X,,6
Beginn der Nachricht,,BGM,,00004,,,,Muss,,7,,,Beginn der Nachricht,,BGM,,00004,,,,Muss,,7
Beginn der Nachricht,,BGM,1001,00004,E03,,Änderungsmeldungen,X,,8,,,Beginn der Nachricht,,BGM,1001,00004,E03,,Änderungsmeldungen,X,,8
Beginn der Nachricht,,BGM,1004,00004,,,Dokumentennummer,X,,9,,,Beginn der Nachricht,,BGM,1004,00004,,,Dokumentennummer,X,,9
Nachrichtendatum,,DTM,,00005,,,,Muss,,10,,,Nachrichtendatum,,DTM,,00005,,,,Muss,,10
Nachrichtendatum,,DTM,2005,00005,137,,Dokumenten-/ Nachrichtendatum/-zeit,X,,11,,,Nachrichtendatum,,DTM,2005,00005,137,,Dokumenten-/ Nachrichtendatum/-zeit,X,,11
Nachrichtendatum,,DTM,2380,00005,,,"Datum oder Uhrzeit oder Zeitspanne, Wert",X [931] [494],"[494] Das hier genannte Datum muss der Zeitpunkt sein, zu dem das Dokument erstellt wurde, oder ein Zeitpunkt, der davor liegt
[931] Format: ZZZ = +00",12,,,Nachrichtendatum,,DTM,2380,00005,,,"Datum oder Uhrzeit oder Zeitspanne, Wert",X [931] [494],"[494] Das hier genannte Datum muss der Zeitpunkt sein, zu dem das Dokument erstellt wurde, oder ein Zeitpunkt, der davor liegt
[931] Format: ZZZ = +00",12
Nachrichtendatum,,DTM,2379,00005,303,,CCYYMMDDHHMMZZZ,X,,13,,,Nachrichtendatum,,DTM,2379,00005,303,,CCYYMMDDHHMMZZZ,X,,13
MP-ID Absender,SG2,,,,,,,Muss,,14,,,MP-ID Absender,SG2,,,,,,,Muss,,14
MP-ID Absender,SG2,NAD,,00008,,,,Muss,,15,,,MP-ID Absender,SG2,NAD,,00008,,,,Muss,,15
MP-ID Absender,SG2,NAD,3035,00008,MS,,Dokumenten-/ Nachrichtenaussteller bzw. -absender,X,,16,,,MP-ID Absender,SG2,NAD,3035,00008,MS,,Dokumenten-/ Nachrichtenaussteller bzw. -absender,X,,16
MP-ID Absender,SG2,NAD,3039,00008,,,MP-ID,X,,17,,,MP-ID Absender,SG2,NAD,3039,00008,,,MP-ID,X,,17
MP-ID Absender,SG2,NAD,3055,00008,9,,GS1,X,,18,,,MP-ID Absender,SG2,NAD,3055,00008,9,,GS1,X,,18
MP-ID Absender,SG2,NAD,3055,,293,,"DE, BDEW (Bundesverband der Energie- und Wasserwirtschaft e.V.)",X,,19,,,MP-ID Absender,SG2,NAD,3055,,293,,"DE, BDEW (Bundesverband der Energie- und Wasserwirtschaft e.V.)",X,,19
Ansprechpartner,SG3,,,,,,,Kann,,20,,,Ansprechpartner,SG3,,,,,,,Kann,,20
Ansprechpartner,SG3,CTA,,00009,,,,Muss,,21,,,Ansprechpartner,SG3,CTA,,00009,,,,Muss,,21
Ansprechpartner,SG3,CTA,3139,00009,IC,,Informationskontakt,X,,22,,,Ansprechpartner,SG3,CTA,3139,00009,IC,,Informationskontakt,X,,22
Ansprechpartner,SG3,CTA,3412,00009,,,Name vom Ansprechpartner,X,,23,,,Ansprechpartner,SG3,CTA,3412,00009,,,Name vom Ansprechpartner,X,,23
Kommunikationsverbindung,SG3,COM,,00010,,,,Muss,,24,,,Kommunikationsverbindung,SG3,COM,,00010,,,,Muss,,24
Kommunikationsverbindung,SG3,COM,3148,00010,,,Nummer / Adresse,X (([939] [321]) ∨ ([940] [322])) ∧ [514],"[321] Wenn im DE3155 in demselben COM der Code EM vorhanden ist
[322] Wenn im DE3155 in demselben COM der Code TE / FX / AJ / AL vorhanden ist
[514] Hinweis: Es darf nur eine Information im DE3148 übermittelt werden
[939] Format: Die Zeichenkette muss die Zeichen @ und . enthalten
[940] Format: Die Zeichenkette muss mit dem Zeichen + beginnen und danach dürfen nur noch Ziffern folgen",25,,,Kommunikationsverbindung,SG3,COM,3148,00010,,,Nummer / Adresse,X (([939] [321]) ∨ ([940] [322])) ∧ [514],"[321] Wenn im DE3155 in demselben COM der Code EM vorhanden ist
[322] Wenn im DE3155 in demselben COM der Code TE / FX / AJ / AL vorhanden ist
[514] Hinweis: Es darf nur eine Information im DE3148 übermittelt werden
[939] Format: Die Zeichenkette muss die Zeichen @ und . enthalten
[940] Format: Die Zeichenkette muss mit dem Zeichen + beginnen und danach dürfen nur noch Ziffern folgen",25
Kommunikationsverbindung,SG3,COM,3155,00010,EM,,Elektronische Post,X [1P0..1],,26,,,Kommunikationsverbindung,SG3,COM,3155,00010,EM,,Elektronische Post,X [1P0..1],,26
Kommunikationsverbindung,SG3,COM,3155,,FX,,Telefax,X [1P0..1],,27,,,Kommunikationsverbindung,SG3,COM,3155,,FX,,Telefax,X [1P0..1],,27
Kommunikationsverbindung,SG3,COM,3155,,TE,,Telefon,X [1P0..1],,28,,,Kommunikationsverbindung,SG3,COM,3155,,TE,,Telefon,X [1P0..1],,28
Kommunikationsverbindung,SG3,COM,3155,,AJ,,weiteres Telefon,X [1P0..1],,29,,,Kommunikationsverbindung,SG3,COM,3155,,AJ,,weiteres Telefon,X [1P0..1],,29
Kommunikationsverbindung,SG3,COM,3155,,AL,,Handy,X [1P0..1],,30,,,Kommunikationsverbindung,SG3,COM,3155,,AL,,Handy,X [1P0..1],,30
MP-ID Empfänger,SG2,,,,,,,Muss,,31,,,MP-ID Empfänger,SG2,,,,,,,Muss,,31
MP-ID Empfänger,SG2,NAD,,00011,,,,Muss,,32,,,MP-ID Empfänger,SG2,NAD,,00011,,,,Muss,,32
MP-ID Empfänger,SG2,NAD,3035,00011,MR,,Nachrichtenempfänger,X,,33,,,MP-ID Empfänger,SG2,NAD,3035,00011,MR,,Nachrichtenempfänger,X,,33
MP-ID Empfänger,SG2,NAD,3039,00011,,,MP-ID,X,,34,,,MP-ID Empfänger,SG2,NAD,3039,00011,,,MP-ID,X,,34
MP-ID Empfänger,SG2,NAD,3055,00011,9,,GS1,X,,35,,,MP-ID Empfänger,SG2,NAD,3055,00011,9,,GS1,X,,35
MP-ID Empfänger,SG2,NAD,3055,,293,,"DE, BDEW (Bundesverband der Energie- und Wasserwirtschaft e.V.)",X,,36,,,MP-ID Empfänger,SG2,NAD,3055,,293,,"DE, BDEW (Bundesverband der Energie- und Wasserwirtschaft e.V.)",X,,36
Vorgang,SG4,,,,,,,Muss,,37,,,Vorgang,SG4,,,,,,,Muss,,37
Vorgang,SG4,IDE,,00020,,,,Muss,,38,,,Vorgang,SG4,IDE,,00020,,,,Muss,,38
Vorgang,SG4,IDE,7495,00020,24,,Transaktion,X,,39,,,Vorgang,SG4,IDE,7495,00020,24,,Transaktion,X,,39
Vorgang,SG4,IDE,7402,00020,,,Vorgangsnummer,X,,40,,,Vorgang,SG4,IDE,7402,00020,,,Vorgangsnummer,X,,40
Beginn zum,SG4,DTM,,00024,,,,Muss,,41,,,Beginn zum,SG4,DTM,,00024,,,,Muss,,41
Beginn zum,SG4,DTM,2005,00024,92,,Datum Vertragsbeginn,X,,42,,,Beginn zum,SG4,DTM,2005,00024,92,,Datum Vertragsbeginn,X,,42
Beginn zum,SG4,DTM,2380,00024,,,"Datum oder Uhrzeit oder Zeitspanne, Wert",X [UB1],,43,,,Beginn zum,SG4,DTM,2380,00024,,,"Datum oder Uhrzeit oder Zeitspanne, Wert",X [UB1],,43
Beginn zum,SG4,DTM,2379,00024,303,,CCYYMMDDHHMMZZZ,X,,44,,,Beginn zum,SG4,DTM,2379,00024,303,,CCYYMMDDHHMMZZZ,X,,44
"Änderung zum, Gültigkeit, Beginndatum",SG4,DTM,,00027,,,,Muss,,45,,,"Änderung zum, Gültigkeit, Beginndatum",SG4,DTM,,00027,,,,Muss,,45
"Änderung zum, Gültigkeit, Beginndatum",SG4,DTM,2005,00027,157,,"Gültigkeit, Beginndatum",X,,46,,,"Änderung zum, Gültigkeit, Beginndatum",SG4,DTM,2005,00027,157,,"Gültigkeit, Beginndatum",X,,46
"Änderung zum, Gültigkeit, Beginndatum",SG4,DTM,2380,00027,,,"Datum oder Uhrzeit oder Zeitspanne, Wert",X [UB1],,47,,,"Änderung zum, Gültigkeit, Beginndatum",SG4,DTM,2380,00027,,,"Datum oder Uhrzeit oder Zeitspanne, Wert",X [UB1],,47
"Änderung zum, Gültigkeit, Beginndatum",SG4,DTM,2379,00027,303,,CCYYMMDDHHMMZZZ,X,,48,,,"Änderung zum, Gültigkeit, Beginndatum",SG4,DTM,2379,00027,303,,CCYYMMDDHHMMZZZ,X,,48
Transaktionsgrund,SG4,STS,,00037,,,,Muss [2061],[2061] Segment bzw. Segmentgruppe ist genau einmal je SG4 IDE (Vorgang) anzugeben,49,,,Transaktionsgrund,SG4,STS,,00037,,,,Muss [2061],[2061] Segment bzw. Segmentgruppe ist genau einmal je SG4 IDE (Vorgang) anzugeben,49
Transaktionsgrund,SG4,STS,9015,00037,7,,Transaktionsgrund,X,,50,,,Transaktionsgrund,SG4,STS,9015,00037,7,,Transaktionsgrund,X,,50
Transaktionsgrund,SG4,STS,9013,00037,ZE7,,Nicht bila.rel. Änderung vom NB,X,,51,,,Transaktionsgrund,SG4,STS,9013,00037,ZE7,,Nicht bila.rel. Änderung vom NB,X,,51
Netzlokation,SG5,,,,,,,Muss [2061] ∧ [298] ∧ [299] ∧ [347] ∧ [348] ∧ [349],"[298] Wenn SG5 LOC+Z20 (Technische Ressource) nicht vorhanden
[299] Wenn SG5 LOC+Z19 (Steuerbare Ressource) nicht vorhanden
[347] Wenn SG5 LOC+Z16 (Marktlokation) nicht vorhanden
[348] Wenn SG5 LOC+Z21 (Tranche) nicht vorhanden
[349] Wenn SG5 LOC+Z17 (Messlokation) nicht vorhanden
[2061] Segment bzw. Segmentgruppe ist genau einmal je SG4 IDE (Vorgang) anzugeben",52,,,Netzlokation,SG5,,,,,,,Muss [2061] ∧ [298] ∧ [299] ∧ [347] ∧ [348] ∧ [349],"[298] Wenn SG5 LOC+Z20 (Technische Ressource) nicht vorhanden
[299] Wenn SG5 LOC+Z19 (Steuerbare Ressource) nicht vorhanden
[347] Wenn SG5 LOC+Z16 (Marktlokation) nicht vorhanden
[348] Wenn SG5 LOC+Z21 (Tranche) nicht vorhanden
[349] Wenn SG5 LOC+Z17 (Messlokation) nicht vorhanden
[2061] Segment bzw. Segmentgruppe ist genau einmal je SG4 IDE (Vorgang) anzugeben",52
Netzlokation,SG5,LOC,,00050,,,,Muss,,53,,,Netzlokation,SG5,LOC,,00050,,,,Muss,,53
Netzlokation,SG5,LOC,3227,00050,Z18,,Netzlokation,X,,54,,,Netzlokation,SG5,LOC,3227,00050,Z18,,Netzlokation,X,,54
Netzlokation,SG5,LOC,3225,00050,,,ID der Netzlokation,X [960],[960] Format: Netzlokations-ID,55,,,Netzlokation,SG5,LOC,3225,00050,,,ID der Netzlokation,X [960],[960] Format: Netzlokations-ID,55
Marktlokation,SG5,,,,,,,Muss [2061] ∧ [297] ∧ [298] ∧ [299] ∧ [348] ∧ [349],"[297] Wenn SG5 LOC+Z18 (Netzlokation) nicht vorhanden
[298] Wenn SG5 LOC+Z20 (Technische Ressource) nicht vorhanden
[299] Wenn SG5 LOC+Z19 (Steuerbare Ressource) nicht vorhanden
[348] Wenn SG5 LOC+Z21 (Tranche) nicht vorhanden
[349] Wenn SG5 LOC+Z17 (Messlokation) nicht vorhanden
[2061] Segment bzw. Segmentgruppe ist genau einmal je SG4 IDE (Vorgang) anzugeben",56,,,Marktlokation,SG5,,,,,,,Muss [2061] ∧ [297] ∧ [298] ∧ [299] ∧ [348] ∧ [349],"[297] Wenn SG5 LOC+Z18 (Netzlokation) nicht vorhanden
[298] Wenn SG5 LOC+Z20 (Technische Ressource) nicht vorhanden
[299] Wenn SG5 LOC+Z19 (Steuerbare Ressource) nicht vorhanden
[348] Wenn SG5 LOC+Z21 (Tranche) nicht vorhanden
[349] Wenn SG5 LOC+Z17 (Messlokation) nicht vorhanden
[2061] Segment bzw. Segmentgruppe ist genau einmal je SG4 IDE (Vorgang) anzugeben",56
Marktlokation,SG5,LOC,,00051,,,,Muss,,57,,,Marktlokation,SG5,LOC,,00051,,,,Muss,,57
Marktlokation,SG5,LOC,3227,00051,Z16,,Marktlokation,X,,58,,,Marktlokation,SG5,LOC,3227,00051,Z16,,Marktlokation,X,,58
Marktlokation,SG5,LOC,3225,00051,,,ID der Marktlokation,X [950],[950] Format: Marktlokations-ID,59,,,Marktlokation,SG5,LOC,3225,00051,,,ID der Marktlokation,X [950],[950] Format: Marktlokations-ID,59
Technische Ressource,SG5,,,,,,,Muss [2061] ∧ [297] ∧ [299] ∧ [347] ∧ [348] ∧ [349],"[297] Wenn SG5 LOC+Z18 (Netzlokation) nicht vorhanden
[299] Wenn SG5 LOC+Z19 (Steuerbare Ressource) nicht vorhanden
[347] Wenn SG5 LOC+Z16 (Marktlokation) nicht vorhanden
[348] Wenn SG5 LOC+Z21 (Tranche) nicht vorhanden
[349] Wenn SG5 LOC+Z17 (Messlokation) nicht vorhanden
[2061] Segment bzw. Segmentgruppe ist genau einmal je SG4 IDE (Vorgang) anzugeben",60,,,Technische Ressource,SG5,,,,,,,Muss [2061] ∧ [297] ∧ [299] ∧ [347] ∧ [348] ∧ [349],"[297] Wenn SG5 LOC+Z18 (Netzlokation) nicht vorhanden
[299] Wenn SG5 LOC+Z19 (Steuerbare Ressource) nicht vorhanden
[347] Wenn SG5 LOC+Z16 (Marktlokation) nicht vorhanden
[348] Wenn SG5 LOC+Z21 (Tranche) nicht vorhanden
[349] Wenn SG5 LOC+Z17 (Messlokation) nicht vorhanden
[2061] Segment bzw. Segmentgruppe ist genau einmal je SG4 IDE (Vorgang) anzugeben",60
Technische Ressource,SG5,LOC,,00052,,,,Muss,,61,,,Technische Ressource,SG5,LOC,,00052,,,,Muss,,61
Technische Ressource,SG5,LOC,3227,00052,Z20,,Technische Ressource,X,,62,,,Technische Ressource,SG5,LOC,3227,00052,Z20,,Technische Ressource,X,,62
Technische Ressource,SG5,LOC,3225,00052,,,ID der Technischen Ressource,X [922],[922] Format: TR-ID,63,,,Technische Ressource,SG5,LOC,3225,00052,,,ID der Technischen Ressource,X [922],[922] Format: TR-ID,63
Steuerbare Ressource,SG5,,,,,,,Muss [2061] ∧ [297] ∧ [298] ∧ [347] ∧ [348] ∧ [349],"[297] Wenn SG5 LOC+Z18 (Netzlokation) nicht vorhanden
[298] Wenn SG5 LOC+Z20 (Technische Ressource) nicht vorhanden
[347] Wenn SG5 LOC+Z16 (Marktlokation) nicht vorhanden
[348] Wenn SG5 LOC+Z21 (Tranche) nicht vorhanden
[349] Wenn SG5 LOC+Z17 (Messlokation) nicht vorhanden
[2061] Segment bzw. Segmentgruppe ist genau einmal je SG4 IDE (Vorgang) anzugeben",64,,,Steuerbare Ressource,SG5,,,,,,,Muss [2061] ∧ [297] ∧ [298] ∧ [347] ∧ [348] ∧ [349],"[297] Wenn SG5 LOC+Z18 (Netzlokation) nicht vorhanden
[298] Wenn SG5 LOC+Z20 (Technische Ressource) nicht vorhanden
[347] Wenn SG5 LOC+Z16 (Marktlokation) nicht vorhanden
[348] Wenn SG5 LOC+Z21 (Tranche) nicht vorhanden
[349] Wenn SG5 LOC+Z17 (Messlokation) nicht vorhanden
[2061] Segment bzw. Segmentgruppe ist genau einmal je SG4 IDE (Vorgang) anzugeben",64
Steuerbare Ressource,SG5,LOC,,00053,,,,Muss,,65,,,Steuerbare Ressource,SG5,LOC,,00053,,,,Muss,,65
Steuerbare Ressource,SG5,LOC,3227,00053,Z19,,Steuerbare Ressource,X,,66,,,Steuerbare Ressource,SG5,LOC,3227,00053,Z19,,Steuerbare Ressource,X,,66
Steuerbare Ressource,SG5,LOC,3225,00053,,,ID der Steuerbaren Ressource,X [961],[961] Format: SR-ID,67,,,Steuerbare Ressource,SG5,LOC,3225,00053,,,ID der Steuerbaren Ressource,X [961],[961] Format: SR-ID,67
Tranche,SG5,,,,,,,Muss [2061] ∧ [297] ∧ [298] ∧ [299] ∧ [347] ∧ [349],"[297] Wenn SG5 LOC+Z18 (Netzlokation) nicht vorhanden
[298] Wenn SG5 LOC+Z20 (Technische Ressource) nicht vorhanden
[299] Wenn SG5 LOC+Z19 (Steuerbare Ressource) nicht vorhanden
[347] Wenn SG5 LOC+Z16 (Marktlokation) nicht vorhanden
[349] Wenn SG5 LOC+Z17 (Messlokation) nicht vorhanden
[2061] Segment bzw. Segmentgruppe ist genau einmal je SG4 IDE (Vorgang) anzugeben",68,,,Tranche,SG5,,,,,,,Muss [2061] ∧ [297] ∧ [298] ∧ [299] ∧ [347] ∧ [349],"[297] Wenn SG5 LOC+Z18 (Netzlokation) nicht vorhanden
[298] Wenn SG5 LOC+Z20 (Technische Ressource) nicht vorhanden
[299] Wenn SG5 LOC+Z19 (Steuerbare Ressource) nicht vorhanden
[347] Wenn SG5 LOC+Z16 (Marktlokation) nicht vorhanden
[349] Wenn SG5 LOC+Z17 (Messlokation) nicht vorhanden
[2061] Segment bzw. Segmentgruppe ist genau einmal je SG4 IDE (Vorgang) anzugeben",68
Tranche,SG5,LOC,,00054,,,,Muss,,69,,,Tranche,SG5,LOC,,00054,,,,Muss,,69
Tranche,SG5,LOC,3227,00054,Z21,,Tranche,X,,70,,,Tranche,SG5,LOC,3227,00054,Z21,,Tranche,X,,70
Tranche,SG5,LOC,3225,00054,,,ID der Tranche,X [950],[950] Format: Marktlokations-ID,71,,,Tranche,SG5,LOC,3225,00054,,,ID der Tranche,X [950],[950] Format: Marktlokations-ID,71
Messlokation,SG5,,,,,,,Muss [2061] ∧ [297] ∧ [298] ∧ [299] ∧ [347] ∧ [348],"[297] Wenn SG5 LOC+Z18 (Netzlokation) nicht vorhanden
[298] Wenn SG5 LOC+Z20 (Technische Ressource) nicht vorhanden
[299] Wenn SG5 LOC+Z19 (Steuerbare Ressource) nicht vorhanden
[347] Wenn SG5 LOC+Z16 (Marktlokation) nicht vorhanden
[348] Wenn SG5 LOC+Z21 (Tranche) nicht vorhanden
[2061] Segment bzw. Segmentgruppe ist genau einmal je SG4 IDE (Vorgang) anzugeben",72,,,Messlokation,SG5,,,,,,,Muss [2061] ∧ [297] ∧ [298] ∧ [299] ∧ [347] ∧ [348],"[297] Wenn SG5 LOC+Z18 (Netzlokation) nicht vorhanden
[298] Wenn SG5 LOC+Z20 (Technische Ressource) nicht vorhanden
[299] Wenn SG5 LOC+Z19 (Steuerbare Ressource) nicht vorhanden
[347] Wenn SG5 LOC+Z16 (Marktlokation) nicht vorhanden
[348] Wenn SG5 LOC+Z21 (Tranche) nicht vorhanden
[2061] Segment bzw. Segmentgruppe ist genau einmal je SG4 IDE (Vorgang) anzugeben",72
Messlokation,SG5,LOC,,00055,,,,Muss,,73,,,Messlokation,SG5,LOC,,00055,,,,Muss,,73
Messlokation,SG5,LOC,3227,00055,Z17,,Messlokation,X,,74,,,Messlokation,SG5,LOC,3227,00055,Z17,,Messlokation,X,,74
Messlokation,SG5,LOC,3225,00055,,,ID der Messlokation,X [951],[951] Format: Zählpunktbezeichnung,75,,,Messlokation,SG5,LOC,3225,00055,,,ID der Messlokation,X [951],[951] Format: Zählpunktbezeichnung,75
Prüfidentifikator,SG6,,,,,,,Muss,,76,,,Prüfidentifikator,SG6,,,,,,,Muss,,76
Prüfidentifikator,SG6,RFF,,00057,,,,Muss,,77,,,Prüfidentifikator,SG6,RFF,,00057,,,,Muss,,77
Prüfidentifikator,SG6,RFF,1153,00057,Z13,,Prüfidentifikator,X,,78,,,Prüfidentifikator,SG6,RFF,1153,00057,Z13,,Prüfidentifikator,X,,78
Prüfidentifikator,SG6,RFF,1154,00057,55112,,SDÄ Strom / Nicht bila. rel. Änderung vom NB an LF,X,,79,,,Prüfidentifikator,SG6,RFF,1154,00057,55112,,SDÄ Strom / Nicht bila. rel. Änderung vom NB an LF,X,,79
Referenz auf die ID der Marktlokation für Termine der Marktlokation,SG6,,,,,,,Soll [25] ∧ [92],"[25] Wenn SG5 LOC+Z16 (Marktlokation) vorhanden
[92] Wenn Wert innerhalb SG bzw. Segment geändert wird",80,,,Referenz auf die ID der Marktlokation für Termine der Marktlokation,SG6,,,,,,,Soll [25] ∧ [92],"[25] Wenn SG5 LOC+Z16 (Marktlokation) vorhanden
[92] Wenn Wert innerhalb SG bzw. Segment geändert wird",80
Referenz auf die ID der Marktlokation für Termine der Marktlokation,SG6,RFF,,00066,,,,Muss [636],[636] Hinweis: Dieses RFF klassifiziert mit einem Code im DE1153 die in derselben Segmentgruppe enthaltenen DTM zu einem Markt- bzw. Messlokation relevanten Inhalt,81,,,Referenz auf die ID der Marktlokation für Termine der Marktlokation,SG6,RFF,,00066,,,,Muss [636],[636] Hinweis: Dieses RFF klassifiziert mit einem Code im DE1153 die in derselben Segmentgruppe enthaltenen DTM zu einem Markt- bzw. Messlokation relevanten Inhalt,81
Referenz auf die ID der Marktlokation für Termine der Marktlokation,SG6,RFF,1153,00066,Z18,,Marktlokation,X,,82,,,Referenz auf die ID der Marktlokation für Termine der Marktlokation,SG6,RFF,1153,00066,Z18,,Marktlokation,X,,82
Referenz auf die ID der Marktlokation für Termine der Marktlokation,SG6,RFF,1154,00066,,,ID der Marktlokation,X [950],[950] Format: Marktlokations-ID,83,,,Referenz auf die ID der Marktlokation für Termine der Marktlokation,SG6,RFF,1154,00066,,,ID der Marktlokation,X [950],[950] Format: Marktlokations-ID,83
Termin der Netznutzungsabrechnung,SG6,DTM,,00068,,,,Soll [92],[92] Wenn Wert innerhalb SG bzw. Segment geändert wird,84,,,Termin der Netznutzungsabrechnung,SG6,DTM,,00068,,,,Soll [92],[92] Wenn Wert innerhalb SG bzw. Segment geändert wird,84
Termin der Netznutzungsabrechnung,SG6,DTM,2005,00068,Z21,,Termin der Netznutzungsabrechnung,X,,85,,,Termin der Netznutzungsabrechnung,SG6,DTM,2005,00068,Z21,,Termin der Netznutzungsabrechnung,X,,85
Termin der Netznutzungsabrechnung,SG6,DTM,2380,00068,,,"Datum oder Uhrzeit oder Zeitspanne, Wert",X,,86,,,Termin der Netznutzungsabrechnung,SG6,DTM,2380,00068,,,"Datum oder Uhrzeit oder Zeitspanne, Wert",X,,86
Termin der Netznutzungsabrechnung,SG6,DTM,2379,00068,106,,MMDD,X,,87,,,Termin der Netznutzungsabrechnung,SG6,DTM,2379,00068,106,,MMDD,X,,87
Termin der Netznutzungsabrechnung,SG6,DTM,2379,,104,,MMWW-MMWW,X,,88,,,Termin der Netznutzungsabrechnung,SG6,DTM,2379,,104,,MMWW-MMWW,X,,88
Nächste Netznutzungsabrechnung,SG6,DTM,,00069,,,,Muss [24] ∧ [230],"[24] Wenn SG6 DTM+Z21 (Termin der Netznutzungsabrechnun g) vorhanden
[230] Sich ergebendes Datum/ bzw. Endedatum des Turnuszeitraums aus DTM+Z21 (Termin der Netznutzungsabrechnun g) und DTM+Z09 (Nächste Netznutzungsabrechnun g) muss >= DTM+92 (Beginn zum) sein",89,,,Nächste Netznutzungsabrechnung,SG6,DTM,,00069,,,,Muss [24] ∧ [230],"[24] Wenn SG6 DTM+Z21 (Termin der Netznutzungsabrechnun g) vorhanden
[230] Sich ergebendes Datum/ bzw. Endedatum des Turnuszeitraums aus DTM+Z21 (Termin der Netznutzungsabrechnun g) und DTM+Z09 (Nächste Netznutzungsabrechnun g) muss >= DTM+92 (Beginn zum) sein",89
Nächste Netznutzungsabrechnung,SG6,DTM,2005,00069,Z09,,Nächste Netznutzungsabrechnung,X,,90,,,Nächste Netznutzungsabrechnung,SG6,DTM,2005,00069,Z09,,Nächste Netznutzungsabrechnung,X,,90
Nächste Netznutzungsabrechnung,SG6,DTM,2380,00069,,,"Datum oder Uhrzeit oder Zeitspanne, Wert",X,,91,,,Nächste Netznutzungsabrechnung,SG6,DTM,2380,00069,,,"Datum oder Uhrzeit oder Zeitspanne, Wert",X,,91
Nächste Netznutzungsabrechnung,SG6,DTM,2379,00069,602,,CCYY,X,,92,,,Nächste Netznutzungsabrechnung,SG6,DTM,2379,00069,602,,CCYY,X,,92
Netznutzungsabrechnungsi ntervall des NB,SG6,DTM,,00070,,,,Soll [92],[92] Wenn Wert innerhalb SG bzw. Segment geändert wird,93,,,Netznutzungsabrechnungsi ntervall des NB,SG6,DTM,,00070,,,,Soll [92],[92] Wenn Wert innerhalb SG bzw. Segment geändert wird,93
Netznutzungsabrechnungsi ntervall des NB,SG6,DTM,2005,00070,Z22,,Netznutzungsabrechnungs- bzw. Einspeisevergütungsintervall des NB,X,,94,,,Netznutzungsabrechnungsi ntervall des NB,SG6,DTM,2005,00070,Z22,,Netznutzungsabrechnungs- bzw. Einspeisevergütungsintervall des NB,X,,94
Netznutzungsabrechnungsi ntervall des NB,SG6,DTM,2380,00070,,,"Datum oder Uhrzeit oder Zeitspanne, Wert",X,,95,,,Netznutzungsabrechnungsi ntervall des NB,SG6,DTM,2380,00070,,,"Datum oder Uhrzeit oder Zeitspanne, Wert",X,,95
Netznutzungsabrechnungsi ntervall des NB,SG6,DTM,2379,00070,802,,Monat,X,,96,,,Netznutzungsabrechnungsi ntervall des NB,SG6,DTM,2379,00070,802,,Monat,X,,96
Daten der Netzlokation,SG8,,,,,,,Muss [294],[294] Wenn SG5 LOC+Z18 (Netzlokation) vorhanden,97,,,Daten der Netzlokation,SG8,,,,,,,Muss [294],[294] Wenn SG5 LOC+Z18 (Netzlokation) vorhanden,97
Daten der Netzlokation,SG8,SEQ,,00078,,,,Muss,,98,,,Daten der Netzlokation,SG8,SEQ,,00078,,,,Muss,,98
Daten der Netzlokation,SG8,SEQ,1229,00078,Z51,,Daten der Netzlokation,X,,99,,,Daten der Netzlokation,SG8,SEQ,1229,00078,Z51,,Daten der Netzlokation,X,,99
Referenz auf die ID der Netzlokation,SG8,RFF,,00079,,,,Muss,,100,,,Referenz auf die ID der Netzlokation,SG8,RFF,,00079,,,,Muss,,100
Referenz auf die ID der Netzlokation,SG8,RFF,1153,00079,Z32,,Netzlokation,X,,101,,,Referenz auf die ID der Netzlokation,SG8,RFF,1153,00079,Z32,,Netzlokation,X,,101
Referenz auf die ID der Netzlokation,SG8,RFF,1154,00079,,,ID der Netzlokation,X [960],[960] Format: Netzlokations-ID,102,,,Referenz auf die ID der Netzlokation,SG8,RFF,1154,00079,,,ID der Netzlokation,X [960],[960] Format: Netzlokations-ID,102
Zugeordnete Marktpartner,SG10,,,,,,,Muss,,103,,,Zugeordnete Marktpartner,SG10,,,,,,,Muss,,103
Zugeordnete Marktpartner,SG10,CCI,,00081,,,,Muss,,104,,,Zugeordnete Marktpartner,SG10,CCI,,00081,,,,Muss,,104
Zugeordnete Marktpartner,SG10,CCI,7037,00081,ZB3,,Zugeordneter Marktpartner,X,,105,,,Zugeordnete Marktpartner,SG10,CCI,7037,00081,ZB3,,Zugeordneter Marktpartner,X,,105
Messstellenbetreiber,SG10,CAV,,00082,,,,Muss,,106,,,Messstellenbetreiber,SG10,CAV,,00082,,,,Muss,,106
Messstellenbetreiber,SG10,CAV,7111,00082,Z91,,MSB,X,,107,,,Messstellenbetreiber,SG10,CAV,7111,00082,Z91,,MSB,X,,107
Messstellenbetreiber,SG10,CAV,1131,00082,,,MP-ID,X,,108,,,Messstellenbetreiber,SG10,CAV,1131,00082,,,MP-ID,X,,108
Messstellenbetreiber,SG10,CAV,7110,00082,Z39,,Grundzuständiger Messstellenbetreiber,X,,109,,,Messstellenbetreiber,SG10,CAV,7110,00082,Z39,,Grundzuständiger Messstellenbetreiber,X,,109
Messstellenbetreiber,SG10,CAV,7110,,Z40,,Wettbewerblicher Messstellenbetreiber,X,,110,,,Messstellenbetreiber,SG10,CAV,7110,,Z40,,Wettbewerblicher Messstellenbetreiber,X,,110
Messstellenbetreiber,SG10,CAV,7110,,Z41,,Auffangmessstellenbetre iber,X,,111,,,Messstellenbetreiber,SG10,CAV,7110,,Z41,,Auffangmessstellenbetre iber,X,,111
Daten der Marktlokation,SG8,,,,,,,Soll [25] ∧ [2061] ∧ [92],"[25] Wenn SG5 LOC+Z16 (Marktlokation) vorhanden
[92] Wenn Wert innerhalb SG bzw. Segment geändert wird
[2061] Segment bzw. Segmentgruppe ist genau einmal je SG4 IDE (Vorgang) anzugeben",112,,,Daten der Marktlokation,SG8,,,,,,,Soll [25] ∧ [2061] ∧ [92],"[25] Wenn SG5 LOC+Z16 (Marktlokation) vorhanden
[92] Wenn Wert innerhalb SG bzw. Segment geändert wird
[2061] Segment bzw. Segmentgruppe ist genau einmal je SG4 IDE (Vorgang) anzugeben",112
Daten der Marktlokation,SG8,SEQ,,00103,,,,Muss,,113,,,Daten der Marktlokation,SG8,SEQ,,00103,,,,Muss,,113
Daten der Marktlokation,SG8,SEQ,1229,00103,Z01,,Daten der Marktlokation,X,,114,,,Daten der Marktlokation,SG8,SEQ,1229,00103,Z01,,Daten der Marktlokation,X,,114
Referenz auf die ID der Marktlokation,SG8,RFF,,00104,,,,Muss,,115,,,Referenz auf die ID der Marktlokation,SG8,RFF,,00104,,,,Muss,,115
Referenz auf die ID der Marktlokation,SG8,RFF,1153,00104,Z18,,Marktlokation,X,,116,,,Referenz auf die ID der Marktlokation,SG8,RFF,1153,00104,Z18,,Marktlokation,X,,116
Referenz auf die ID der Marktlokation,SG8,RFF,1154,00104,,,ID der Marktlokation,X [950],[950] Format: Marktlokations-ID,117,,,Referenz auf die ID der Marktlokation,SG8,RFF,1154,00104,,,ID der Marktlokation,X [950],[950] Format: Marktlokations-ID,117
Lieferrichtung,SG10,,,,,,,Muss,,118,,,Lieferrichtung,SG10,,,,,,,Muss,,118
Lieferrichtung,SG10,CCI,,00110,,,,Muss,,119,,,Lieferrichtung,SG10,CCI,,00110,,,,Muss,,119
Lieferrichtung,SG10,CCI,7059,00110,Z30,,Lieferrichtung,X,,120,,,Lieferrichtung,SG10,CCI,7059,00110,Z30,,Lieferrichtung,X,,120
Lieferrichtung,SG10,CCI,7037,00110,Z06,,Erzeugung,X,,121,,,Lieferrichtung,SG10,CCI,7037,00110,Z06,,Erzeugung,X,,121
Lieferrichtung,SG10,CCI,7037,,Z07,,Verbrauch,X,,122,,,Lieferrichtung,SG10,CCI,7037,,Z07,,Verbrauch,X,,122
Zugeordnete Marktpartner,SG10,,,,,,,Soll [92],[92] Wenn Wert innerhalb SG bzw. Segment geändert wird,123,,,Zugeordnete Marktpartner,SG10,,,,,,,Soll [92],[92] Wenn Wert innerhalb SG bzw. Segment geändert wird,123
Zugeordnete Marktpartner,SG10,CCI,,00111,,,,Muss,,124,,,Zugeordnete Marktpartner,SG10,CCI,,00111,,,,Muss,,124
Zugeordnete Marktpartner,SG10,CCI,7037,00111,ZB3,,Zugeordneter Marktpartner,X,,125,,,Zugeordnete Marktpartner,SG10,CCI,7037,00111,ZB3,,Zugeordneter Marktpartner,X,,125
Übertragungsnetzbetreiber,SG10,CAV,,00114,,,,Muss,,126,,,Übertragungsnetzbetreiber,SG10,CAV,,00114,,,,Muss,,126
Übertragungsnetzbetreiber,SG10,CAV,7111,00114,Z90,,ÜNB,X,,127,,,Übertragungsnetzbetreiber,SG10,CAV,7111,00114,Z90,,ÜNB,X,,127
Übertragungsnetzbetreiber,SG10,CAV,1131,00114,,,MP-ID,X,,128,,,Übertragungsnetzbetreiber,SG10,CAV,1131,00114,,,MP-ID,X,,128
Messstellenbetreiber,SG10,CAV,,00115,,,,Muss,,129,,,Messstellenbetreiber,SG10,CAV,,00115,,,,Muss,,129
Messstellenbetreiber,SG10,CAV,7111,00115,Z91,,MSB,X,,130,,,Messstellenbetreiber,SG10,CAV,7111,00115,Z91,,MSB,X,,130
Messstellenbetreiber,SG10,CAV,1131,00115,,,MP-ID,X,,131,,,Messstellenbetreiber,SG10,CAV,1131,00115,,,MP-ID,X,,131
Messstellenbetreiber,SG10,CAV,7110,00115,Z19,,Auf vertraglicher Grundlage gegenüber Anschlussnutzer / Anschlussnehmer,X,,132,,,Messstellenbetreiber,SG10,CAV,7110,00115,Z19,,Auf vertraglicher Grundlage gegenüber Anschlussnutzer / Anschlussnehmer,X,,132
Messstellenbetreiber,SG10,CAV,7110,,Z20,,In der Ausübung der Weiterverpflichtung durch den gMSB,X,,133,,,Messstellenbetreiber,SG10,CAV,7110,,Z20,,In der Ausübung der Weiterverpflichtung durch den gMSB,X,,133
Messstellenbetreiber,SG10,CAV,7110,00115,Z39,,Grundzuständiger Messstellenbetreiber,X,,134,,,Messstellenbetreiber,SG10,CAV,7110,00115,Z39,,Grundzuständiger Messstellenbetreiber,X,,134
Messstellenbetreiber,SG10,CAV,7110,,Z40,,Wettbewerblicher Messstellenbetreiber,X,,135,,,Messstellenbetreiber,SG10,CAV,7110,,Z40,,Wettbewerblicher Messstellenbetreiber,X,,135
Messstellenbetreiber,SG10,CAV,7110,,Z41,,Auffangmessstellenbetre iber,X,,136,,,Messstellenbetreiber,SG10,CAV,7110,,Z41,,Auffangmessstellenbetre iber,X,,136
Verbrauchsaufteilung für temperaturabhängige Marktlokation,SG10,,,,,,,Soll [92],[92] Wenn Wert innerhalb SG bzw. Segment geändert wird,137,,,Verbrauchsaufteilung für temperaturabhängige Marktlokation,SG10,,,,,,,Soll [92],[92] Wenn Wert innerhalb SG bzw. Segment geändert wird,137
Verbrauchsaufteilung für temperaturabhängige Marktlokation,SG10,CCI,,00119,,,,Muss,,138,,,Verbrauchsaufteilung für temperaturabhängige Marktlokation,SG10,CCI,,00119,,,,Muss,,138
Verbrauchsaufteilung für temperaturabhängige Marktlokation,SG10,CCI,7037,00119,E17,,Verbrauchsaufteilung (in %) für temperaturabhängige Marktlokation,X,,139,,,Verbrauchsaufteilung für temperaturabhängige Marktlokation,SG10,CCI,7037,00119,E17,,Verbrauchsaufteilung (in %) für temperaturabhängige Marktlokation,X,,139
Verbrauchsaufteilung für temperaturabhängige Marktlokation,SG10,CAV,,00120,,,,Muss,,140,,,Verbrauchsaufteilung für temperaturabhängige Marktlokation,SG10,CAV,,00120,,,,Muss,,140
Verbrauchsaufteilung für temperaturabhängige Marktlokation,SG10,CAV,7111,00120,Z22,,Verbrauchsaufteilung in%,X,,141,,,Verbrauchsaufteilung für temperaturabhängige Marktlokation,SG10,CAV,7111,00120,Z22,,Verbrauchsaufteilung in%,X,,141
Verbrauchsaufteilung für temperaturabhängige Marktlokation,SG10,CAV,7110,00120,,,Verbrauchsaufteilung in %,X [902],[902] Format: Möglicher Wert: ≥ 0,142,,,Verbrauchsaufteilung für temperaturabhängige Marktlokation,SG10,CAV,7110,00120,,,Verbrauchsaufteilung in %,X [902],[902] Format: Möglicher Wert: ≥ 0,142
Spannungsebene der Marktlokation,SG10,,,,,,,Soll [92],[92] Wenn Wert innerhalb SG bzw. Segment geändert wird,143,,,Spannungsebene der Marktlokation,SG10,,,,,,,Soll [92],[92] Wenn Wert innerhalb SG bzw. Segment geändert wird,143
Spannungsebene der Marktlokation,SG10,CCI,,00123,,,,Muss,,144,,,Spannungsebene der Marktlokation,SG10,CCI,,00123,,,,Muss,,144
Spannungsebene der Marktlokation,SG10,CCI,7037,00123,E03,,Spannungsebene der Marktlokation,X,,145,,,Spannungsebene der Marktlokation,SG10,CCI,7037,00123,E03,,Spannungsebene der Marktlokation,X,,145
Spannungsebene der Marktlokation,SG10,CAV,,00124,,,,Muss,,146,,,Spannungsebene der Marktlokation,SG10,CAV,,00124,,,,Muss,,146
Spannungsebene der Marktlokation,SG10,CAV,7111,00124,E03,,Höchstspannung,X,,147,,,Spannungsebene der Marktlokation,SG10,CAV,7111,00124,E03,,Höchstspannung,X,,147
Spannungsebene der Marktlokation,SG10,CAV,7111,,E04,,Hochspannung,X,,148,,,Spannungsebene der Marktlokation,SG10,CAV,7111,,E04,,Hochspannung,X,,148
Spannungsebene der Marktlokation,SG10,CAV,7111,,E05,,Mittelspannung,X,,149,,,Spannungsebene der Marktlokation,SG10,CAV,7111,,E05,,Mittelspannung,X,,149
Spannungsebene der Marktlokation,SG10,CAV,7111,,E06,,Niederspannung,X,,150,,,Spannungsebene der Marktlokation,SG10,CAV,7111,,E06,,Niederspannung,X,,150
Umspannung der Marktlokation,SG10,CAV,,00125,,,,Soll [166],[166] Wenn vorhanden,151,,,Umspannung der Marktlokation,SG10,CAV,,00125,,,,Soll [166],[166] Wenn vorhanden,151
Umspannung der Marktlokation,SG10,CAV,7111,00125,E07,,Hös/HS Umspannung,X [116],,152,,,Umspannung der Marktlokation,SG10,CAV,7111,00125,E07,,Hös/HS Umspannung,X [116],,152
Umspannung der Marktlokation,SG10,CAV,7111,,E08,,HS/MS Umspannung,X [115],,153,,,Umspannung der Marktlokation,SG10,CAV,7111,,E08,,HS/MS Umspannung,X [115],,153
Umspannung der Marktlokation,SG10,CAV,7111,,E09,,MS/NS Umspannung,X [114],"[114] Wenn das SG10 CCI+E03 (Spannungsebene der Marktlokation) CAV E06 (Niederspannung) in dieser SG vorhanden
[115] Wenn das SG10 CCI+E03 (Spannungsebene der Marktlokation) CAV E05 (Mittelspannung) in dieser SG vorhanden
[116] Wenn das SG10 CCI+E03 (Spannungsebene der Marktlokation) CAV E04 (Hochspannung) in dieser SG vorhanden",154,,,Umspannung der Marktlokation,SG10,CAV,7111,,E09,,MS/NS Umspannung,X [114],"[114] Wenn das SG10 CCI+E03 (Spannungsebene der Marktlokation) CAV E06 (Niederspannung) in dieser SG vorhanden
[115] Wenn das SG10 CCI+E03 (Spannungsebene der Marktlokation) CAV E05 (Mittelspannung) in dieser SG vorhanden
[116] Wenn das SG10 CCI+E03 (Spannungsebene der Marktlokation) CAV E04 (Hochspannung) in dieser SG vorhanden",154
Messtechnische Einordnung der Marktlokation,SG10,,,,,,,Muss,,155,,,Messtechnische Einordnung der Marktlokation,SG10,,,,,,,Muss,,155
Messtechnische Einordnung der Marktlokation,SG10,CCI,,00126,,,,Muss,,156,,,Messtechnische Einordnung der Marktlokation,SG10,CCI,,00126,,,,Muss,,156
Messtechnische Einordnung der Marktlokation,SG10,CCI,7037,00126,Z83,,Messtechnische Einordnung der Marktlokation,X,,157,,,Messtechnische Einordnung der Marktlokation,SG10,CCI,7037,00126,Z83,,Messtechnische Einordnung der Marktlokation,X,,157
Messtechnische Einordnung der Marktlokation,SG10,CAV,,00127,,,,Muss,,158,,,Messtechnische Einordnung der Marktlokation,SG10,CAV,,00127,,,,Muss,,158
Messtechnische Einordnung der Marktlokation,SG10,CAV,7111,00127,Z52,,iMS,X,,159,,,Messtechnische Einordnung der Marktlokation,SG10,CAV,7111,00127,Z52,,iMS,X,,159
Messtechnische Einordnung der Marktlokation,SG10,CAV,7111,,Z53,,kME / mME,X,,160,,,Messtechnische Einordnung der Marktlokation,SG10,CAV,7111,,Z53,,kME / mME,X,,160
Messtechnische Einordnung der Marktlokation,SG10,CAV,7111,,Z68,,keine Messung,X,,161,,,Messtechnische Einordnung der Marktlokation,SG10,CAV,7111,,Z68,,keine Messung,X,,161
Netznutzung,SG10,,,,,,,Soll [20] ∧ [92],"[20] Wenn SG8 SEQ+Z01 (Daten der Marktlokation) SG10 CCI+Z30++Z07 (Verbrauch) vorhanden
[92] Wenn Wert innerhalb SG bzw. Segment geändert wird",162,,,Netznutzung,SG10,,,,,,,Soll [20] ∧ [92],"[20] Wenn SG8 SEQ+Z01 (Daten der Marktlokation) SG10 CCI+Z30++Z07 (Verbrauch) vorhanden
[92] Wenn Wert innerhalb SG bzw. Segment geändert wird",162
Netznutzung,SG10,CCI,,00140,,,,Muss,,163,,,Netznutzung,SG10,CCI,,00140,,,,Muss,,163
Netznutzung,SG10,CCI,7037,00140,Z88,,Netznutzung,X,,164,,,Netznutzung,SG10,CCI,7037,00140,Z88,,Netznutzung,X,,164
Netznutzungsvertrag,SG10,CAV,,00141,,,,Muss,,165,,,Netznutzungsvertrag,SG10,CAV,,00141,,,,Muss,,165
Netznutzungsvertrag,SG10,CAV,7111,00141,Z74,,Netznutzungsvertrag,X,,166,,,Netznutzungsvertrag,SG10,CAV,7111,00141,Z74,,Netznutzungsvertrag,X,,166
Netznutzungsvertrag,SG10,CAV,7110,00141,Z08,,Direkter Vertrag zwischen Kunden und NB,X,,167,,,Netznutzungsvertrag,SG10,CAV,7110,00141,Z08,,Direkter Vertrag zwischen Kunden und NB,X,,167
Netznutzungsvertrag,SG10,CAV,7110,,Z09,,Vertrag zwischen Lieferanten und NB,X,,168,,,Netznutzungsvertrag,SG10,CAV,7110,,Z09,,Vertrag zwischen Lieferanten und NB,X,,168
Zahlung der Netznutzung,SG10,CAV,,00142,,,,Muss,,169,,,Zahlung der Netznutzung,SG10,CAV,,00142,,,,Muss,,169
Zahlung der Netznutzung,SG10,CAV,7111,00142,Z73,,Zahlung der Netznutzung,X,,170,,,Zahlung der Netznutzung,SG10,CAV,7111,00142,Z73,,Zahlung der Netznutzung,X,,170
Zahlung der Netznutzung,SG10,CAV,7110,00142,Z10,,Kunde,X [216],,171,,,Zahlung der Netznutzung,SG10,CAV,7110,00142,Z10,,Kunde,X [216],,171
Zahlung der Netznutzung,SG10,CAV,7110,,Z11,,Lieferant,X,[216] Wenn CCI+++Z88 (Netznutzung) CAV+Z74:::Z08 (Netznutzungsvertrag: Direkter Vertrag zwischen Kunden und NB) vorhanden,172,,,Zahlung der Netznutzung,SG10,CAV,7110,,Z11,,Lieferant,X,[216] Wenn CCI+++Z88 (Netznutzung) CAV+Z74:::Z08 (Netznutzungsvertrag: Direkter Vertrag zwischen Kunden und NB) vorhanden,172
Netznutzungsabrechnungsv ariante,SG10,CAV,,00143,,,,Muss,,173,,,Netznutzungsabrechnungsv ariante,SG10,CAV,,00143,,,,Muss,,173
Netznutzungsabrechnungsv ariante,SG10,CAV,7111,00143,ZB1,,Netznutzungsabrechnun gsvariante,X,,174,,,Netznutzungsabrechnungsv ariante,SG10,CAV,7111,00143,ZB1,,Netznutzungsabrechnun gsvariante,X,,174
Netznutzungsabrechnungsv ariante,SG10,CAV,7110,00143,Z14,,Arbeitspreis/Grundpreis,X,,175,,,Netznutzungsabrechnungsv ariante,SG10,CAV,7110,00143,Z14,,Arbeitspreis/Grundpreis,X,,175
Netznutzungsabrechnungsv ariante,SG10,CAV,7110,,Z15,,Arbeitspreis/ Leistungspreis,X,,176,,,Netznutzungsabrechnungsv ariante,SG10,CAV,7110,,Z15,,Arbeitspreis/ Leistungspreis,X,,176
Grundlage der Lieferscheinprüfung,SG10,CAV,,00144,,,,Muss,,177,,,Grundlage der Lieferscheinprüfung,SG10,CAV,,00144,,,,Muss,,177
Grundlage der Lieferscheinprüfung,SG10,CAV,7111,00144,ZA7,,Grundlage für Lieferscheinprüfung,X,,178,,,Grundlage der Lieferscheinprüfung,SG10,CAV,7111,00144,ZA7,,Grundlage für Lieferscheinprüfung,X,,178
Grundlage der Lieferscheinprüfung,SG10,CAV,7110,00144,Z12,,In der Marktkommunikation ausgetauschte Daten,X,,179,,,Grundlage der Lieferscheinprüfung,SG10,CAV,7110,00144,Z12,,In der Marktkommunikation ausgetauschte Daten,X,,179
Grundlage der Lieferscheinprüfung,SG10,CAV,7110,,Z13,,Abweichend vertraglich mit Anschlussnutzer vereinbarte Grundlage,X,,180,,,Grundlage der Lieferscheinprüfung,SG10,CAV,7110,,Z13,,Abweichend vertraglich mit Anschlussnutzer vereinbarte Grundlage,X,,180
Singulär genutzte Betriebsmittel in der Netznutzungsabrechnung,SG10,CAV,,00145,,,,Muss [308],[308] Wenn DTM+92 (Beginn zum) im DE2380 < 202212312300?+00,181,,,Singulär genutzte Betriebsmittel in der Netznutzungsabrechnung,SG10,CAV,,00145,,,,Muss [308],[308] Wenn DTM+92 (Beginn zum) im DE2380 < 202212312300?+00,181
Singulär genutzte Betriebsmittel in der Netznutzungsabrechnung,SG10,CAV,7111,00145,ZB2,,Singulär genutzte Betriebsmittel in der Netznutzungsabrechnung,X,,182,,,Singulär genutzte Betriebsmittel in der Netznutzungsabrechnung,SG10,CAV,7111,00145,ZB2,,Singulär genutzte Betriebsmittel in der Netznutzungsabrechnung,X,,182
Singulär genutzte Betriebsmittel in der Netznutzungsabrechnung,SG10,CAV,7110,00145,Z06,,vorhanden,X,,183,,,Singulär genutzte Betriebsmittel in der Netznutzungsabrechnung,SG10,CAV,7110,00145,Z06,,vorhanden,X,,183
Singulär genutzte Betriebsmittel in der Netznutzungsabrechnung,SG10,CAV,7110,,Z07,,nicht vorhanden,X,,184,,,Singulär genutzte Betriebsmittel in der Netznutzungsabrechnung,SG10,CAV,7110,,Z07,,nicht vorhanden,X,,184
Empfänger der Vergütung zur Einspeisung,SG10,,,,,,,Soll [54] ∧ [92],"[54] Wenn SG8 SEQ+Z01 (Daten der Marktlokation) SG10 CCI+Z30++Z06 (Lieferrichtung: Erzeugung) vorhanden
[92] Wenn Wert innerhalb SG bzw. Segment geändert wird",185,,,Empfänger der Vergütung zur Einspeisung,SG10,,,,,,,Soll [54] ∧ [92],"[54] Wenn SG8 SEQ+Z01 (Daten der Marktlokation) SG10 CCI+Z30++Z06 (Lieferrichtung: Erzeugung) vorhanden
[92] Wenn Wert innerhalb SG bzw. Segment geändert wird",185
Empfänger der Vergütung zur Einspeisung,SG10,CCI,,00146,,,,Muss,,186,,,Empfänger der Vergütung zur Einspeisung,SG10,CCI,,00146,,,,Muss,,186
Empfänger der Vergütung zur Einspeisung,SG10,CCI,7037,00146,Z89,,Empfänger der Vergütung,X,,187,,,Empfänger der Vergütung zur Einspeisung,SG10,CCI,7037,00146,Z89,,Empfänger der Vergütung,X,,187
Empfänger der Vergütung zur Einspeisung,SG10,CAV,,00147,,,,Muss,,188,,,Empfänger der Vergütung zur Einspeisung,SG10,CAV,,00147,,,,Muss,,188
Empfänger der Vergütung zur Einspeisung,SG10,CAV,7110,00147,Z10,,Kunde,X,,189,,,Empfänger der Vergütung zur Einspeisung,SG10,CAV,7110,00147,Z10,,Kunde,X,,189
Empfänger der Vergütung zur Einspeisung,SG10,CAV,7110,,Z11,,Lieferant,X,,190,,,Empfänger der Vergütung zur Einspeisung,SG10,CAV,7110,,Z11,,Lieferant,X,,190
Status der Fernsteuerbarkeit,SG10,,,,,,,Soll [54] ∧ [92],"[54] Wenn SG8 SEQ+Z01 (Daten der Marktlokation) SG10 CCI+Z30++Z06 (Lieferrichtung: Erzeugung) vorhanden
[92] Wenn Wert innerhalb SG bzw. Segment geändert wird",191,,,Status der Fernsteuerbarkeit,SG10,,,,,,,Soll [54] ∧ [92],"[54] Wenn SG8 SEQ+Z01 (Daten der Marktlokation) SG10 CCI+Z30++Z06 (Lieferrichtung: Erzeugung) vorhanden
[92] Wenn Wert innerhalb SG bzw. Segment geändert wird",191
Status der Fernsteuerbarkeit,SG10,CCI,,00150,,,,Muss,,192,,,Status der Fernsteuerbarkeit,SG10,CCI,,00150,,,,Muss,,192
Status der Fernsteuerbarkeit,SG10,CCI,7059,00150,Z24,,Status der Fernsteuerbarkeit,X,,193,,,Status der Fernsteuerbarkeit,SG10,CCI,7059,00150,Z24,,Status der Fernsteuerbarkeit,X,,193
Status der Fernsteuerbarkeit,SG10,CCI,7037,00150,Z96,,Marktlokation ist technisch nicht fernsteuerbar,X,,194,,,Status der Fernsteuerbarkeit,SG10,CCI,7037,00150,Z96,,Marktlokation ist technisch nicht fernsteuerbar,X,,194
Status der Fernsteuerbarkeit,SG10,CCI,7037,,Z97,,Marktlokation ist technisch fernsteuerbar,X,,195,,,Status der Fernsteuerbarkeit,SG10,CCI,7037,,Z97,,Marktlokation ist technisch fernsteuerbar,X,,195
Status der Fernsteuerbarkeit,SG10,CCI,7037,,Z98,,Marktlokation ist durch den Lieferanten fernsteuerbar,X,,196,,,Status der Fernsteuerbarkeit,SG10,CCI,7037,,Z98,,Marktlokation ist durch den Lieferanten fernsteuerbar,X,,196
Verbrauchsart und Nutzung der OBIS-Kennzahl der Marktlokation,SG8,,,,,,,Soll [25] ∧ [92] ∧ [530],"[25] Wenn SG5 LOC+Z16 (Marktlokation) vorhanden
[92] Wenn Wert innerhalb SG bzw. Segment geändert wird
[530] Hinweis: Es sind alle an der Lokation vorhandenen Daten, die mit dieser Segmentgruppe übermittelt werden und zum Datum „Änderung zum“ Gültigkeit haben, anzugeben. Dies kann zur Folge haben, dass Segmentgruppen bzw. Segmente zu wiederholen sind",197,,,Verbrauchsart und Nutzung der OBIS-Kennzahl der Marktlokation,SG8,,,,,,,Soll [25] ∧ [92] ∧ [530],"[25] Wenn SG5 LOC+Z16 (Marktlokation) vorhanden
[92] Wenn Wert innerhalb SG bzw. Segment geändert wird
[530] Hinweis: Es sind alle an der Lokation vorhandenen Daten, die mit dieser Segmentgruppe übermittelt werden und zum Datum „Änderung zum“ Gültigkeit haben, anzugeben. Dies kann zur Folge haben, dass Segmentgruppen bzw. Segmente zu wiederholen sind",197
Verbrauchsart und Nutzung der OBIS-Kennzahl der Marktlokation,SG8,SEQ,,00216,,,,Muss,,198,,,Verbrauchsart und Nutzung der OBIS-Kennzahl der Marktlokation,SG8,SEQ,,00216,,,,Muss,,198
Verbrauchsart und Nutzung der OBIS-Kennzahl der Marktlokation,SG8,SEQ,1229,00216,Z44,,Verbrauchsart und Nutzung der OBIS- Kennzahl an der Marktlokation,X,,199,,,Verbrauchsart und Nutzung der OBIS-Kennzahl der Marktlokation,SG8,SEQ,1229,00216,Z44,,Verbrauchsart und Nutzung der OBIS- Kennzahl an der Marktlokation,X,,199
Referenz auf die OBIS- Kennzahl der Marktlokation,SG8,RFF,,00217,,,,Muss,,200,,,Referenz auf die OBIS- Kennzahl der Marktlokation,SG8,RFF,,00217,,,,Muss,,200
Referenz auf die OBIS- Kennzahl der Marktlokation,SG8,RFF,1153,00217,Z10,,OBIS-Kennzahl,X,,201,,,Referenz auf die OBIS- Kennzahl der Marktlokation,SG8,RFF,1153,00217,Z10,,OBIS-Kennzahl,X,,201
Referenz auf die OBIS- Kennzahl der Marktlokation,SG8,RFF,1154,00217,,,OBIS-Kennzahl,X,,202,,,Referenz auf die OBIS- Kennzahl der Marktlokation,SG8,RFF,1154,00217,,,OBIS-Kennzahl,X,,202
Verbrauchsart und Nutzung an der OBIS-Kennzahl der Marktlokation,SG10,,,,,,,Muss,,203,,,Verbrauchsart und Nutzung an der OBIS-Kennzahl der Marktlokation,SG10,,,,,,,Muss,,203
Verbrauchsart und Nutzung an der OBIS-Kennzahl der Marktlokation,SG10,CCI,,00218,,,,Muss,,204,,,Verbrauchsart und Nutzung an der OBIS-Kennzahl der Marktlokation,SG10,CCI,,00218,,,,Muss,,204
Verbrauchsart und Nutzung an der OBIS-Kennzahl der Marktlokation,SG10,CCI,7059,00218,Z17,,Stromverbrauchsart,X,,205,,,Verbrauchsart und Nutzung an der OBIS-Kennzahl der Marktlokation,SG10,CCI,7059,00218,Z17,,Stromverbrauchsart,X,,205
Verbrauchsart,SG10,CAV,,00219,,,,Muss,,206,,,Verbrauchsart,SG10,CAV,,00219,,,,Muss,,206
Verbrauchsart,SG10,CAV,7111,00219,Z64,,Kraft/Licht,X [1P0..1],,207,,,Verbrauchsart,SG10,CAV,7111,00219,Z64,,Kraft/Licht,X [1P0..1],,207
Verbrauchsart,SG10,CAV,7111,,Z65,,Wärme,X [1P0..1],,208,,,Verbrauchsart,SG10,CAV,7111,,Z65,,Wärme,X [1P0..1],,208
Verbrauchsart,SG10,CAV,7111,,ZE5,,E-Mobilität,X [1P0..1],,209,,,Verbrauchsart,SG10,CAV,7111,,ZE5,,E-Mobilität,X [1P0..1],,209
Verbrauchsart,SG10,CAV,7111,,ZA8,,Straßenbeleuchtung,X [1P0..1],,210,,,Verbrauchsart,SG10,CAV,7111,,ZA8,,Straßenbeleuchtung,X [1P0..1],,210
Verbrauchsart,SG10,CAV,7111,,ZB3,,Steuerung Wärmeabgabe,X [1P0..1],,211,,,Verbrauchsart,SG10,CAV,7111,,ZB3,,Steuerung Wärmeabgabe,X [1P0..1],,211
Unterbrechbarkeit,SG10,CAV,,00220,,,,Muss,,212,,,Unterbrechbarkeit,SG10,CAV,,00220,,,,Muss,,212
Unterbrechbarkeit,SG10,CAV,7111,00220,Z62,,unterbrechbare Verbrauchseinrichtung,X,,213,,,Unterbrechbarkeit,SG10,CAV,7111,00220,Z62,,unterbrechbare Verbrauchseinrichtung,X,,213
Unterbrechbarkeit,SG10,CAV,7111,,Z63,,nicht-unterbrechbare Verbrauchseinrichtung,X,,214,,,Unterbrechbarkeit,SG10,CAV,7111,,Z63,,nicht-unterbrechbare Verbrauchseinrichtung,X,,214
Wärmenutzung,SG10,CAV,,00221,,,,Muss [239],[239] Wenn in derselben SG10 das CCI+Z17 (Stromverbrauchsart) im CAV+Z65 (Wärme) vorhanden,215,,,Wärmenutzung,SG10,CAV,,00221,,,,Muss [239],[239] Wenn in derselben SG10 das CCI+Z17 (Stromverbrauchsart) im CAV+Z65 (Wärme) vorhanden,215
Wärmenutzung,SG10,CAV,7111,00221,Z56,,Speicherheizung,X,,216,,,Wärmenutzung,SG10,CAV,7111,00221,Z56,,Speicherheizung,X,,216
Wärmenutzung,SG10,CAV,7111,,Z57,,Wärmepumpe,X,,217,,,Wärmenutzung,SG10,CAV,7111,,Z57,,Wärmepumpe,X,,217
Wärmenutzung,SG10,CAV,7111,,Z61,,Direktheizung,X,,218,,,Wärmenutzung,SG10,CAV,7111,,Z61,,Direktheizung,X,,218
Art der E-Mobilität,SG10,CAV,,00222,,,,Muss [95],[95] Wenn in derselben SG10 das CCI+Z17 (Stromverbrauchsart) CAV+ZE5 (E-Mobilität) vorhanden,219,,,Art der E-Mobilität,SG10,CAV,,00222,,,,Muss [95],[95] Wenn in derselben SG10 das CCI+Z17 (Stromverbrauchsart) CAV+ZE5 (E-Mobilität) vorhanden,219
Art der E-Mobilität,SG10,CAV,7111,00222,ZE6,,Wallbox,X,,220,,,Art der E-Mobilität,SG10,CAV,7111,00222,ZE6,,Wallbox,X,,220
Art der E-Mobilität,SG10,CAV,7111,,Z87,,E-Mobilitätsladesäule,X,,221,,,Art der E-Mobilität,SG10,CAV,7111,,Z87,,E-Mobilitätsladesäule,X,,221
Art der E-Mobilität,SG10,CAV,7111,,ZE7,,Ladepark,X,,222,,,Art der E-Mobilität,SG10,CAV,7111,,ZE7,,Ladepark,X,,222
Produkt-Daten der Marktlokation des NB,SG8,,,,,,,Soll [25] ∧ [54] ∧ [92],"[25] Wenn SG5 LOC+Z16 (Marktlokation) vorhanden
[54] Wenn SG8 SEQ+Z01 (Daten der Marktlokation) SG10 CCI+Z30++Z06 (Lieferrichtung: Erzeugung) vorhanden
[92] Wenn Wert innerhalb SG bzw. Segment geändert wird",223,,,Produkt-Daten der Marktlokation des NB,SG8,,,,,,,Soll [25] ∧ [54] ∧ [92],"[25] Wenn SG5 LOC+Z16 (Marktlokation) vorhanden
[54] Wenn SG8 SEQ+Z01 (Daten der Marktlokation) SG10 CCI+Z30++Z06 (Lieferrichtung: Erzeugung) vorhanden
[92] Wenn Wert innerhalb SG bzw. Segment geändert wird",223
Produkt-Daten der Marktlokation des NB,SG8,SEQ,,00227,,,,Muss,,224,,,Produkt-Daten der Marktlokation des NB,SG8,SEQ,,00227,,,,Muss,,224
Produkt-Daten der Marktlokation des NB,SG8,SEQ,1229,00227,Z40,,Produkt-Daten der Marktlokation des NB,X,,225,,,Produkt-Daten der Marktlokation des NB,SG8,SEQ,1229,00227,Z40,,Produkt-Daten der Marktlokation des NB,X,,225
Produktidentifikation der Marktlokation,SG8,PIA,,00228,,,,Soll [262] ∧ [648],"[262] Wenn Produkt an der Marktlokation vorhanden ist
[648] Hinweis: Soll ein Produkt ab dem Datum ""Änderung zum"" nicht mehr vorhanden sein, wird dies durch nicht angeben des PIA+5 ausgedrückt",226,,,Produktidentifikation der Marktlokation,SG8,PIA,,00228,,,,Soll [262] ∧ [648],"[262] Wenn Produkt an der Marktlokation vorhanden ist
[648] Hinweis: Soll ein Produkt ab dem Datum ""Änderung zum"" nicht mehr vorhanden sein, wird dies durch nicht angeben des PIA+5 ausgedrückt",226
Produktidentifikation der Marktlokation,SG8,PIA,4347,00228,5,,Produktidentifikation,X,,227,,,Produktidentifikation der Marktlokation,SG8,PIA,4347,00228,5,,Produktidentifikation,X,,227
Produktidentifikation der Marktlokation,SG8,PIA,7140,00228,AUA,,Ausfallarbeit,X,,228,,,Produktidentifikation der Marktlokation,SG8,PIA,7140,00228,AUA,,Ausfallarbeit,X,,228
Produktidentifikation der Marktlokation,SG8,PIA,7143,00228,Z08,,Medium,X,,229,,,Produktidentifikation der Marktlokation,SG8,PIA,7143,00228,Z08,,Medium,X,,229
Konzessionsabgabedaten,SG8,,,,,,,Soll [25] ∧ [92] ∧ [312] ∧ [530],"[25] Wenn SG5 LOC+Z16 (Marktlokation) vorhanden
[92] Wenn Wert innerhalb SG bzw. Segment geändert wird
[312] Wenn DTM+157 (Änderung zum) im DE2380 < 202212312300?+00
[530] Hinweis: Es sind alle an der Lokation vorhandenen Daten, die mit dieser Segmentgruppe übermittelt werden und zum Datum „Änderung zum“ Gültigkeit haben, anzugeben. Dies kann zur Folge haben, dass Segmentgruppen bzw. Segmente zu wiederholen sind",230,,,Konzessionsabgabedaten,SG8,,,,,,,Soll [25] ∧ [92] ∧ [312] ∧ [530],"[25] Wenn SG5 LOC+Z16 (Marktlokation) vorhanden
[92] Wenn Wert innerhalb SG bzw. Segment geändert wird
[312] Wenn DTM+157 (Änderung zum) im DE2380 < 202212312300?+00
[530] Hinweis: Es sind alle an der Lokation vorhandenen Daten, die mit dieser Segmentgruppe übermittelt werden und zum Datum „Änderung zum“ Gültigkeit haben, anzugeben. Dies kann zur Folge haben, dass Segmentgruppen bzw. Segmente zu wiederholen sind",230
Konzessionsabgabedaten,SG8,SEQ,,00229,,,,Muss,,231,,,Konzessionsabgabedaten,SG8,SEQ,,00229,,,,Muss,,231
Konzessionsabgabedaten,SG8,SEQ,1229,00229,Z07,,Konzessionsabgabedaten,X,,232,,,Konzessionsabgabedaten,SG8,SEQ,1229,00229,Z07,,Konzessionsabgabedaten,X,,232
Referenz auf die OBIS- Kennzahl der Marktlokation,SG8,RFF,,00230,,,,Muss,,233,,,Referenz auf die OBIS- Kennzahl der Marktlokation,SG8,RFF,,00230,,,,Muss,,233
Referenz auf die OBIS- Kennzahl der Marktlokation,SG8,RFF,1153,00230,Z10,,OBIS-Kennzahl,X,,234,,,Referenz auf die OBIS- Kennzahl der Marktlokation,SG8,RFF,1153,00230,Z10,,OBIS-Kennzahl,X,,234
Referenz auf die OBIS- Kennzahl der Marktlokation,SG8,RFF,1154,00230,,,OBIS-Kennzahl,X,,235,,,Referenz auf die OBIS- Kennzahl der Marktlokation,SG8,RFF,1154,00230,,,OBIS-Kennzahl,X,,235
Zuordnung Konzessionsabgabe,SG10,,,,,,,Muss,,236,,,Zuordnung Konzessionsabgabe,SG10,,,,,,,Muss,,236
Zuordnung Konzessionsabgabe,SG10,CCI,,00231,,,,Muss,,237,,,Zuordnung Konzessionsabgabe,SG10,CCI,,00231,,,,Muss,,237
Zuordnung Konzessionsabgabe,SG10,CCI,7037,00231,Z08,,Konzessionsabgabe,X,,238,,,Zuordnung Konzessionsabgabe,SG10,CCI,7037,00231,Z08,,Konzessionsabgabe,X,,238
Konzessionsabgabe,SG10,CAV,,00232,,,,Muss,,239,,,Konzessionsabgabe,SG10,CAV,,00232,,,,Muss,,239
Konzessionsabgabe,SG10,CAV,7111,00232,KAS,,"für alle konzessionsvertraglichen Sonderregelungen, die nicht in die Systematik der KAV eingegliedert sind",X,,240,,,Konzessionsabgabe,SG10,CAV,7111,00232,KAS,,"für alle konzessionsvertraglichen Sonderregelungen, die nicht in die Systematik der KAV eingegliedert sind",X,,240
Konzessionsabgabe,SG10,CAV,7111,,SA,,"Sondervertragskunden < 1 kV nach § 2 (7) und > 1 kV, Preis nach § 2 (3) (für Strom 0,11 ct/kWh und für Gas 0,03 ct/kWh)",X,,241,,,Konzessionsabgabe,SG10,CAV,7111,,SA,,"Sondervertragskunden < 1 kV nach § 2 (7) und > 1 kV, Preis nach § 2 (3) (für Strom 0,11 ct/kWh und für Gas 0,03 ct/kWh)",X,,241
Konzessionsabgabe,SG10,CAV,7111,,SAS,,"Kennzeichnung, dass ein abweichender Preis für Sondervertragskunden vorliegt",X,,242,,,Konzessionsabgabe,SG10,CAV,7111,,SAS,,"Kennzeichnung, dass ein abweichender Preis für Sondervertragskunden vorliegt",X,,242
Konzessionsabgabe,SG10,CAV,7111,,TA,,"Tarifkunden, für Strom § 2. (2) 1b HT bzw. ET (hohe KA) und für Gas § 2 (2) 2b",X,,243,,,Konzessionsabgabe,SG10,CAV,7111,,TA,,"Tarifkunden, für Strom § 2. (2) 1b HT bzw. ET (hohe KA) und für Gas § 2 (2) 2b",X,,243
Konzessionsabgabe,SG10,CAV,7111,,TAS,,"Kennzeichnung, dass ein abweichender Preis für Tarifkunden vorliegt",X,,244,,,Konzessionsabgabe,SG10,CAV,7111,,TAS,,"Kennzeichnung, dass ein abweichender Preis für Tarifkunden vorliegt",X,,244
Konzessionsabgabe,SG10,CAV,7111,,TKS,,"Kennzeichnung, wenn nach KAV § 2 (2) 2a ein anderer Preis zu verwenden ist",X,,245,,,Konzessionsabgabe,SG10,CAV,7111,,TKS,,"Kennzeichnung, wenn nach KAV § 2 (2) 2a ein anderer Preis zu verwenden ist",X,,245
Konzessionsabgabe,SG10,CAV,7111,,TS,,"für Strom mit Schwachlast § 2. (2) 1a NT (niedrige KA, 0,61 ct/kWh)",X,,246,,,Konzessionsabgabe,SG10,CAV,7111,,TS,,"für Strom mit Schwachlast § 2. (2) 1a NT (niedrige KA, 0,61 ct/kWh)",X,,246
Konzessionsabgabe,SG10,CAV,7111,,TSS,,"Kennzeichnung, dass ein abweichender Preis für Schwachlast angewendet wird",X,,247,,,Konzessionsabgabe,SG10,CAV,7111,,TSS,,"Kennzeichnung, dass ein abweichender Preis für Schwachlast angewendet wird",X,,247
Konzessionsabgabe,SG10,CAV,7110,00232,,,Konzessionsabgabe in Euro/kWh,Muss [912] ∧ [902] [128] ,"[128] Wenn SG10 CAV+TAS/ TSS/ TKS/ SAS/ KAS vorhanden
[902] Format: Möglicher Wert: ≥ 0
[912] Format: max. 6 Nachkommastellen",248,,,Konzessionsabgabe,SG10,CAV,7110,00232,,,Konzessionsabgabe in Euro/kWh,Muss [912] ∧ [902] [128] ,"[128] Wenn SG10 CAV+TAS/ TSS/ TKS/ SAS/ KAS vorhanden
[902] Format: Möglicher Wert: ≥ 0
[912] Format: max. 6 Nachkommastellen",248
Konzessionsabgabe,SG10,CAV,7110,00232,,,Gebührenkategorie der Konzessionsabgabe,Soll [219],[219] Wenn an Marktlokation vorhanden,249,,,Konzessionsabgabe,SG10,CAV,7110,00232,,,Gebührenkategorie der Konzessionsabgabe,Soll [219],[219] Wenn an Marktlokation vorhanden,249
Steuer-/ Abgabeninformation,SG8,,,,,,,Soll [25] ∧ [92] ∧ [312] ∧ [530],"[25] Wenn SG5 LOC+Z16 (Marktlokation) vorhanden
[92] Wenn Wert innerhalb SG bzw. Segment geändert wird
[312] Wenn DTM+157 (Änderung zum) im DE2380 < 202212312300?+00
[530] Hinweis: Es sind alle an der Lokation vorhandenen Daten, die mit dieser Segmentgruppe übermittelt werden und zum Datum „Änderung zum“ Gültigkeit haben, anzugeben. Dies kann zur Folge haben, dass Segmentgruppen bzw. Segmente zu wiederholen sind",250,,,Steuer-/ Abgabeninformation,SG8,,,,,,,Soll [25] ∧ [92] ∧ [312] ∧ [530],"[25] Wenn SG5 LOC+Z16 (Marktlokation) vorhanden
[92] Wenn Wert innerhalb SG bzw. Segment geändert wird
[312] Wenn DTM+157 (Änderung zum) im DE2380 < 202212312300?+00
[530] Hinweis: Es sind alle an der Lokation vorhandenen Daten, die mit dieser Segmentgruppe übermittelt werden und zum Datum „Änderung zum“ Gültigkeit haben, anzugeben. Dies kann zur Folge haben, dass Segmentgruppen bzw. Segmente zu wiederholen sind",250
Steuer-/ Abgabeninformation,SG8,SEQ,,00233,,,,Muss,,251,,,Steuer-/ Abgabeninformation,SG8,SEQ,,00233,,,,Muss,,251
Steuer-/ Abgabeninformation,SG8,SEQ,1229,00233,Z10,,Steuer-/ Abgabeninformation,X,,252,,,Steuer-/ Abgabeninformation,SG8,SEQ,1229,00233,Z10,,Steuer-/ Abgabeninformation,X,,252
Referenz auf die OBIS- Kennzahl der Marktlokation,SG8,RFF,,00234,,,,Muss,,253,,,Referenz auf die OBIS- Kennzahl der Marktlokation,SG8,RFF,,00234,,,,Muss,,253
Referenz auf die OBIS- Kennzahl der Marktlokation,SG8,RFF,1153,00234,Z10,,OBIS-Kennzahl,X,,254,,,Referenz auf die OBIS- Kennzahl der Marktlokation,SG8,RFF,1153,00234,Z10,,OBIS-Kennzahl,X,,254
Referenz auf die OBIS- Kennzahl der Marktlokation,SG8,RFF,1154,00234,,,OBIS-Kennzahl,X,,255,,,Referenz auf die OBIS- Kennzahl der Marktlokation,SG8,RFF,1154,00234,,,OBIS-Kennzahl,X,,255
Steuern-/Abgabenbefreiung,SG10,,,,,,,Muss,,256,,,Steuern-/Abgabenbefreiung,SG10,,,,,,,Muss,,256
Steuern-/Abgabenbefreiung,SG10,CCI,,00235,,,,Muss,,257,,,Steuern-/Abgabenbefreiung,SG10,CCI,,00235,,,,Muss,,257
Steuern-/Abgabenbefreiung,SG10,CCI,7059,00235,Z13,,Steuerinformation,X,,258,,,Steuern-/Abgabenbefreiung,SG10,CCI,7059,00235,Z13,,Steuerinformation,X,,258
Steuern-/Abgabenbefreiung,SG10,CCI,7037,00235,Z65,,Stromsteuer befreit,X,,259,,,Steuern-/Abgabenbefreiung,SG10,CCI,7037,00235,Z65,,Stromsteuer befreit,X,,259
Steuern-/Abgabenbefreiung,SG10,CCI,7037,,Z66,,Stromsteuer pflichtig,X,,260,,,Steuern-/Abgabenbefreiung,SG10,CCI,7037,,Z66,,Stromsteuer pflichtig,X,,260
Gemeinderabatt,SG8,,,,,,,Soll [25] ∧ [92] ∧ [312],"[25] Wenn SG5 LOC+Z16 (Marktlokation) vorhanden
[92] Wenn Wert innerhalb SG bzw. Segment geändert wird
[312] Wenn DTM+157 (Änderung zum) im DE2380 < 202212312300?+00",261,,,Gemeinderabatt,SG8,,,,,,,Soll [25] ∧ [92] ∧ [312],"[25] Wenn SG5 LOC+Z16 (Marktlokation) vorhanden
[92] Wenn Wert innerhalb SG bzw. Segment geändert wird
[312] Wenn DTM+157 (Änderung zum) im DE2380 < 202212312300?+00",261
Gemeinderabatt,SG8,SEQ,,00236,,,,Muss,,262,,,Gemeinderabatt,SG8,SEQ,,00236,,,,Muss,,262
Gemeinderabatt,SG8,SEQ,1229,00236,Z12,,Gemeinderabatt,X,,263,,,Gemeinderabatt,SG8,SEQ,1229,00236,Z12,,Gemeinderabatt,X,,263
Gemeinderabatt,SG9,,,,,,,Muss,,264,,,Gemeinderabatt,SG9,,,,,,,Muss,,264
Gemeinderabatt,SG9,QTY,,00237,,,,Muss,,265,,,Gemeinderabatt,SG9,QTY,,00237,,,,Muss,,265
Gemeinderabatt,SG9,QTY,6063,00237,Z16,,Gemeinderabatt,X,,266,,,Gemeinderabatt,SG9,QTY,6063,00237,Z16,,Gemeinderabatt,X,,266
Gemeinderabatt,SG9,QTY,6060,00237,,,Menge,X [902] ∧ [930] ∧ [938],"[902] Format: Möglicher Wert: ≥ 0
[930] Format: max. 2 Nachkommastellen
[938] Format: Möglicher Wert: <= 10",267,,,Gemeinderabatt,SG9,QTY,6060,00237,,,Menge,X [902] ∧ [930] ∧ [938],"[902] Format: Möglicher Wert: ≥ 0
[930] Format: max. 2 Nachkommastellen
[938] Format: Möglicher Wert: <= 10",267
Gemeinderabatt,SG9,QTY,6411,00237,P1,,Prozent,X,,268,,,Gemeinderabatt,SG9,QTY,6411,00237,P1,,Prozent,X,,268
Daten der Tranche,SG8,,,,,,,Soll [167] ∧ [92],"[92] Wenn Wert innerhalb SG bzw. Segment geändert wird
[167] Wenn SG5 LOC+Z21 (Tranche) vorhanden",269,,,Daten der Tranche,SG8,,,,,,,Soll [167] ∧ [92],"[92] Wenn Wert innerhalb SG bzw. Segment geändert wird
[167] Wenn SG5 LOC+Z21 (Tranche) vorhanden",269
Daten der Tranche,SG8,SEQ,,00238,,,,Muss,,270,,,Daten der Tranche,SG8,SEQ,,00238,,,,Muss,,270
Daten der Tranche,SG8,SEQ,1229,00238,Z15,,Daten der Tranche,X,,271,,,Daten der Tranche,SG8,SEQ,1229,00238,Z15,,Daten der Tranche,X,,271
Referenz auf die ID der Tranche,SG8,RFF,,00239,,,,Muss,,272,,,Referenz auf die ID der Tranche,SG8,RFF,,00239,,,,Muss,,272
Referenz auf die ID der Tranche,SG8,RFF,1153,00239,Z20,,Tranche,X,,273,,,Referenz auf die ID der Tranche,SG8,RFF,1153,00239,Z20,,Tranche,X,,273
Referenz auf die ID der Tranche,SG8,RFF,1154,00239,,,ID der Tranche,X [950],[950] Format: Marktlokations-ID,274,,,Referenz auf die ID der Tranche,SG8,RFF,1154,00239,,,ID der Tranche,X [950],[950] Format: Marktlokations-ID,274
Empfänger der Vergütung zur Einspeisung,SG10,,,,,,,Muss,,275,,,Empfänger der Vergütung zur Einspeisung,SG10,,,,,,,Muss,,275
Empfänger der Vergütung zur Einspeisung,SG10,CCI,,00246,,,,Muss,,276,,,Empfänger der Vergütung zur Einspeisung,SG10,CCI,,00246,,,,Muss,,276
Empfänger der Vergütung zur Einspeisung,SG10,CCI,7037,00246,Z89,,Empfänger der Vergütung,X,,277,,,Empfänger der Vergütung zur Einspeisung,SG10,CCI,7037,00246,Z89,,Empfänger der Vergütung,X,,277
Empfänger der Vergütung zur Einspeisung,SG10,CAV,,00247,,,,Muss,,278,,,Empfänger der Vergütung zur Einspeisung,SG10,CAV,,00247,,,,Muss,,278
Empfänger der Vergütung zur Einspeisung,SG10,CAV,7110,00247,Z10,,Kunde,X,,279,,,Empfänger der Vergütung zur Einspeisung,SG10,CAV,7110,00247,Z10,,Kunde,X,,279
Empfänger der Vergütung zur Einspeisung,SG10,CAV,7110,,Z11,,Lieferant,X,,280,,,Empfänger der Vergütung zur Einspeisung,SG10,CAV,7110,,Z11,,Lieferant,X,,280
Daten der Technischen Ressource,SG8,,,,,,,Muss [296],[296] Wenn SG5 LOC+Z20 (Technische Ressource) vorhanden,281,,,Daten der Technischen Ressource,SG8,,,,,,,Muss [296],[296] Wenn SG5 LOC+Z20 (Technische Ressource) vorhanden,281
Daten der Technischen Ressource,SG8,SEQ,,00273,,,,Muss,,282,,,Daten der Technischen Ressource,SG8,SEQ,,00273,,,,Muss,,282
Daten der Technischen Ressource,SG8,SEQ,1229,00273,Z52,,Daten der Technischen Ressource,X,,283,,,Daten der Technischen Ressource,SG8,SEQ,1229,00273,Z52,,Daten der Technischen Ressource,X,,283
Referenz auf die ID der Technischen Ressource,SG8,RFF,,00274,,,,Muss,,284,,,Referenz auf die ID der Technischen Ressource,SG8,RFF,,00274,,,,Muss,,284
Referenz auf die ID der Technischen Ressource,SG8,RFF,1153,00274,Z37,,Technische Ressource,X,,285,,,Referenz auf die ID der Technischen Ressource,SG8,RFF,1153,00274,Z37,,Technische Ressource,X,,285
Referenz auf die ID der Technischen Ressource,SG8,RFF,1154,00274,,,ID der Technischen Ressource,X [922],[922] Format: TR-ID,286,,,Referenz auf die ID der Technischen Ressource,SG8,RFF,1154,00274,,,ID der Technischen Ressource,X [922],[922] Format: TR-ID,286
Referenz auf die ID der vorgelagerten Messlokation,SG8,RFF,,00275,,,,Soll [166] ∧ [668],"[166] Wenn vorhanden
[668] Hinweis: Dieses Segment wird nach Abschluss der Einführung der Lokationsbündelstruktur zum 01.10.2025 aus der UTILMD entfernt",287,,,Referenz auf die ID der vorgelagerten Messlokation,SG8,RFF,,00275,,,,Soll [166] ∧ [668],"[166] Wenn vorhanden
[668] Hinweis: Dieses Segment wird nach Abschluss der Einführung der Lokationsbündelstruktur zum 01.10.2025 aus der UTILMD entfernt",287
Referenz auf die ID der vorgelagerten Messlokation,SG8,RFF,1153,00275,Z34,,vorgelagerte Messlokation,X,,288,,,Referenz auf die ID der vorgelagerten Messlokation,SG8,RFF,1153,00275,Z34,,vorgelagerte Messlokation,X,,288
Referenz auf die ID der vorgelagerten Messlokation,SG8,RFF,1154,00275,,,ID einer Lokation,X [951],[951] Format: Zählpunktbezeichnung,289,,,Referenz auf die ID der vorgelagerten Messlokation,SG8,RFF,1154,00275,,,ID einer Lokation,X [951],[951] Format: Zählpunktbezeichnung,289
Referenz auf die der Technischen Ressource zugeordneten Marktlokation ,SG8,RFF,,00276,,,,Muss [668],[668] Hinweis: Dieses Segment wird nach Abschluss der Einführung der Lokationsbündelstruktur zum 01.10.2025 aus der UTILMD entfernt,290,,,Referenz auf die der Technischen Ressource zugeordneten Marktlokation ,SG8,RFF,,00276,,,,Muss [668],[668] Hinweis: Dieses Segment wird nach Abschluss der Einführung der Lokationsbündelstruktur zum 01.10.2025 aus der UTILMD entfernt,290
Referenz auf die der Technischen Ressource zugeordneten Marktlokation ,SG8,RFF,1153,00276,Z16,,zugeordnete Marktlokation,X,,291,,,Referenz auf die der Technischen Ressource zugeordneten Marktlokation ,SG8,RFF,1153,00276,Z16,,zugeordnete Marktlokation,X,,291
Referenz auf die der Technischen Ressource zugeordneten Marktlokation ,SG8,RFF,1154,00276,,,ID der Marktlokation,X [950],[950] Format: Marktlokations-ID,292,,,Referenz auf die der Technischen Ressource zugeordneten Marktlokation ,SG8,RFF,1154,00276,,,ID der Marktlokation,X [950],[950] Format: Marktlokations-ID,292
Referenz auf die der Technischen Ressource zugeordneten Steuerbaren Ressource,SG8,RFF,,00277,,,,Soll [166] ∧ [699],"[166] Wenn vorhanden
[699] Hinweis: Es ist die ID der Steuerbare Ressource zu nennen über die die Technische Ressource gesteuert wird",293,,,Referenz auf die der Technischen Ressource zugeordneten Steuerbaren Ressource,SG8,RFF,,00277,,,,Soll [166] ∧ [699],"[166] Wenn vorhanden
[699] Hinweis: Es ist die ID der Steuerbare Ressource zu nennen über die die Technische Ressource gesteuert wird",293
Referenz auf die der Technischen Ressource zugeordneten Steuerbaren Ressource,SG8,RFF,1153,00277,Z38,,Steuerbare Ressource,X,,294,,,Referenz auf die der Technischen Ressource zugeordneten Steuerbaren Ressource,SG8,RFF,1153,00277,Z38,,Steuerbare Ressource,X,,294
Referenz auf die der Technischen Ressource zugeordneten Steuerbaren Ressource,SG8,RFF,1154,00277,,,ID der Steuerbaren Ressource,X [961],[961] Format: SR-ID,295,,,Referenz auf die der Technischen Ressource zugeordneten Steuerbaren Ressource,SG8,RFF,1154,00277,,,ID der Steuerbaren Ressource,X [961],[961] Format: SR-ID,295
Referenz auf die der Technischen Ressource zugeordneten Netzlokation,SG8,RFF,,00278,,,,Soll [166] ∧ [700],"[166] Wenn vorhanden
[700] Hinweis: Es ist die ID der Netzlokation zu nennen über die die Technische Ressource gesteuert wird",296,,,Referenz auf die der Technischen Ressource zugeordneten Netzlokation,SG8,RFF,,00278,,,,Soll [166] ∧ [700],"[166] Wenn vorhanden
[700] Hinweis: Es ist die ID der Netzlokation zu nennen über die die Technische Ressource gesteuert wird",296
Referenz auf die der Technischen Ressource zugeordneten Netzlokation,SG8,RFF,1153,00278,Z32,,Netzlokation,X,,297,,,Referenz auf die der Technischen Ressource zugeordneten Netzlokation,SG8,RFF,1153,00278,Z32,,Netzlokation,X,,297
Referenz auf die der Technischen Ressource zugeordneten Netzlokation,SG8,RFF,1154,00278,,,ID der Netzlokation,X [960],[960] Format: Netzlokations-ID,298,,,Referenz auf die der Technischen Ressource zugeordneten Netzlokation,SG8,RFF,1154,00278,,,ID der Netzlokation,X [960],[960] Format: Netzlokations-ID,298
Nennleistung (Aufnahme),SG9,,,,,,,Muss ([446] ∧ ([465] ∨ [466]) ∧ [467] ∧ ([468] ⊻ ([469] ∧ [470]))) ⊻ [448] Soll [165],"[165] Wenn bekannt
[446] Wenn in derselben SG8 das CCI+Z17 (Stromverbrauchsart) vorhanden
[448] Wenn in derselben SG8 das CCI+Z56 (Speicher) vorhanden
[465] Wenn in derselben SG8 SEQ+Z52 (Daten der Technischen Ressource) das RFF+Z38 (Referenz auf die der Technischen Ressource zugeordnete Steuerbare Ressource) vorhanden ist
[466] Wenn in derselben SG8 SEQ+Z52 (Daten der Technischen Ressource) das RFF+Z32 (Referenz auf die der Technischen Ressource zugeordneten Netzlokation) vorhanden ist
[467] Wenn in derselben SG8 SEQ+Z52 (Daten der Technischen Ressource) das CAV+ZG8 (Technischen Ressource fällt unter §14a EnWG) vorhanden ist
[468] Wenn in derselben SG8 SEQ+Z52 (Daten der Technischen Ressource) das SG10 CAV+ZH0 (Inbetriebsetzung der TR nach 2023) vorhanden ist
[469] Wenn in derselben SG8 SEQ+Z52 (Daten der Technischen Ressource) das SG10 CAV+ZH1 (Inbetriebsetzung der TR vor 2024) vorhanden ist
[470] Wenn in derselben SG8 SEQ+Z52 (Daten der Technischen Ressource) das CAV+ZH5 (Wechsel in das in das §14a EnWG-Modell gem. Festlegung BK6-22-300 wurde durchgeführt) vorhanden ist",299,,,Nennleistung (Aufnahme),SG9,,,,,,,Muss ([446] ∧ ([465] ∨ [466]) ∧ [467] ∧ ([468] ⊻ ([469] ∧ [470]))) ⊻ [448] Soll [165],"[165] Wenn bekannt
[446] Wenn in derselben SG8 das CCI+Z17 (Stromverbrauchsart) vorhanden
[448] Wenn in derselben SG8 das CCI+Z56 (Speicher) vorhanden
[465] Wenn in derselben SG8 SEQ+Z52 (Daten der Technischen Ressource) das RFF+Z38 (Referenz auf die der Technischen Ressource zugeordnete Steuerbare Ressource) vorhanden ist
[466] Wenn in derselben SG8 SEQ+Z52 (Daten der Technischen Ressource) das RFF+Z32 (Referenz auf die der Technischen Ressource zugeordneten Netzlokation) vorhanden ist
[467] Wenn in derselben SG8 SEQ+Z52 (Daten der Technischen Ressource) das CAV+ZG8 (Technischen Ressource fällt unter §14a EnWG) vorhanden ist
[468] Wenn in derselben SG8 SEQ+Z52 (Daten der Technischen Ressource) das SG10 CAV+ZH0 (Inbetriebsetzung der TR nach 2023) vorhanden ist
[469] Wenn in derselben SG8 SEQ+Z52 (Daten der Technischen Ressource) das SG10 CAV+ZH1 (Inbetriebsetzung der TR vor 2024) vorhanden ist
[470] Wenn in derselben SG8 SEQ+Z52 (Daten der Technischen Ressource) das CAV+ZH5 (Wechsel in das in das §14a EnWG-Modell gem. Festlegung BK6-22-300 wurde durchgeführt) vorhanden ist",299
Nennleistung (Aufnahme),SG9,QTY,,00279,,,,Muss,,300,,,Nennleistung (Aufnahme),SG9,QTY,,00279,,,,Muss,,300
Nennleistung (Aufnahme),SG9,QTY,6063,00279,Z43,,Nennleistung (Aufnahme),X,,301,,,Nennleistung (Aufnahme),SG9,QTY,6063,00279,Z43,,Nennleistung (Aufnahme),X,,301
Nennleistung (Aufnahme),SG9,QTY,6060,00279,,,Menge,X,,302,,,Nennleistung (Aufnahme),SG9,QTY,6060,00279,,,Menge,X,,302
Nennleistung (Aufnahme),SG9,QTY,6411,00279,KWT,,Kilowatt,X,,303,,,Nennleistung (Aufnahme),SG9,QTY,6411,00279,KWT,,Kilowatt,X,,303
Nennleistung (Abgabe),SG9,,,,,,,Muss [447] ⊻ [448],"[447] Wenn in derselben SG8 das CCI+Z50 (Stromerzeugungsart) vorhanden
[448] Wenn in derselben SG8 das CCI+Z56 (Speicher) vorhanden",304,,,Nennleistung (Abgabe),SG9,,,,,,,Muss [447] ⊻ [448],"[447] Wenn in derselben SG8 das CCI+Z50 (Stromerzeugungsart) vorhanden
[448] Wenn in derselben SG8 das CCI+Z56 (Speicher) vorhanden",304
Nennleistung (Abgabe),SG9,QTY,,00280,,,,Muss,,305,,,Nennleistung (Abgabe),SG9,QTY,,00280,,,,Muss,,305
Nennleistung (Abgabe),SG9,QTY,6063,00280,Z44,,Nennleistung (Abgabe),X,,306,,,Nennleistung (Abgabe),SG9,QTY,6063,00280,Z44,,Nennleistung (Abgabe),X,,306
Nennleistung (Abgabe),SG9,QTY,6060,00280,,,Menge,X,,307,,,Nennleistung (Abgabe),SG9,QTY,6060,00280,,,Menge,X,,307
Nennleistung (Abgabe),SG9,QTY,6411,00280,KWT,,Kilowatt,X,,308,,,Nennleistung (Abgabe),SG9,QTY,6411,00280,KWT,,Kilowatt,X,,308
Speicherkapazität,SG9,,,,,,,Muss [448],[448] Wenn in derselben SG8 das CCI+Z56 (Speicher) vorhanden,309,,,Speicherkapazität,SG9,,,,,,,Muss [448],[448] Wenn in derselben SG8 das CCI+Z56 (Speicher) vorhanden,309
Speicherkapazität,SG9,QTY,,00281,,,,Muss,,310,,,Speicherkapazität,SG9,QTY,,00281,,,,Muss,,310
Speicherkapazität,SG9,QTY,6063,00281,Z42,,Speicherkapazität,X,,311,,,Speicherkapazität,SG9,QTY,6063,00281,Z42,,Speicherkapazität,X,,311
Speicherkapazität,SG9,QTY,6060,00281,,,Menge,X,,312,,,Speicherkapazität,SG9,QTY,6060,00281,,,Menge,X,,312
Speicherkapazität,SG9,QTY,6411,00281,KWH,,Kilowattstunde,X,,313,,,Speicherkapazität,SG9,QTY,6411,00281,KWH,,Kilowattstunde,X,,313
Art und Nutzung der Technischen Ressource,SG10,,,,,,,Muss,,314,,,Art und Nutzung der Technischen Ressource,SG10,,,,,,,Muss,,314
Art und Nutzung der Technischen Ressource,SG10,CCI,,00282,,,,Muss,,315,,,Art und Nutzung der Technischen Ressource,SG10,CCI,,00282,,,,Muss,,315
Art und Nutzung der Technischen Ressource,SG10,CCI,7059,00282,Z17,,Stromverbrauchsart,X,,316,,,Art und Nutzung der Technischen Ressource,SG10,CCI,7059,00282,Z17,,Stromverbrauchsart,X,,316
Art und Nutzung der Technischen Ressource,SG10,CCI,7059,,Z50,,Stromerzeugungsart,X,,317,,,Art und Nutzung der Technischen Ressource,SG10,CCI,7059,,Z50,,Stromerzeugungsart,X,,317
Art und Nutzung der Technischen Ressource,SG10,CCI,7059,,Z56,,Speicher,X,,318,,,Art und Nutzung der Technischen Ressource,SG10,CCI,7059,,Z56,,Speicher,X,,318
Verbrauchsart,SG10,CAV,,00283,,,,Muss [446],[446] Wenn in derselben SG8 das CCI+Z17 (Stromverbrauchsart) vorhanden ,319,,,Verbrauchsart,SG10,CAV,,00283,,,,Muss [446],[446] Wenn in derselben SG8 das CCI+Z17 (Stromverbrauchsart) vorhanden ,319
Verbrauchsart,SG10,CAV,7111,00283,Z64,,Kraft/Licht,X [1P0..1],,320,,,Verbrauchsart,SG10,CAV,7111,00283,Z64,,Kraft/Licht,X [1P0..1],,320
Verbrauchsart,SG10,CAV,7111,,Z65,,Wärme,X [1P0..1],,321,,,Verbrauchsart,SG10,CAV,7111,,Z65,,Wärme,X [1P0..1],,321
Verbrauchsart,SG10,CAV,7111,,ZE5,,E-Mobilität,X [1P0..1],,322,,,Verbrauchsart,SG10,CAV,7111,,ZE5,,E-Mobilität,X [1P0..1],,322
Verbrauchsart,SG10,CAV,7111,,ZA8,,Straßenbeleuchtung,X [1P0..1],,323,,,Verbrauchsart,SG10,CAV,7111,,ZA8,,Straßenbeleuchtung,X [1P0..1],,323
Wärmenutzung,SG10,CAV,,00284,,,,Muss [239],[239] Wenn in derselben SG10 das CCI+Z17 (Stromverbrauchsart) im CAV+Z65 (Wärme) vorhanden,324,,,Wärmenutzung,SG10,CAV,,00284,,,,Muss [239],[239] Wenn in derselben SG10 das CCI+Z17 (Stromverbrauchsart) im CAV+Z65 (Wärme) vorhanden,324
Wärmenutzung,SG10,CAV,7111,00284,Z56,,Speicherheizung,X,,325,,,Wärmenutzung,SG10,CAV,7111,00284,Z56,,Speicherheizung,X,,325
Wärmenutzung,SG10,CAV,7111,,Z57,,Wärmepumpe,X,,326,,,Wärmenutzung,SG10,CAV,7111,,Z57,,Wärmepumpe,X,,326
Wärmenutzung,SG10,CAV,7111,,Z61,,Direktheizung,X,,327,,,Wärmenutzung,SG10,CAV,7111,,Z61,,Direktheizung,X,,327
Art der E-Mobilität,SG10,CAV,,00285,,,,Muss [95],[95] Wenn in derselben SG10 das CCI+Z17 (Stromverbrauchsart) CAV+ZE5 (E-Mobilität) vorhanden,328,,,Art der E-Mobilität,SG10,CAV,,00285,,,,Muss [95],[95] Wenn in derselben SG10 das CCI+Z17 (Stromverbrauchsart) CAV+ZE5 (E-Mobilität) vorhanden,328
Art der E-Mobilität,SG10,CAV,7111,00285,ZE6,,Wallbox,X,,329,,,Art der E-Mobilität,SG10,CAV,7111,00285,ZE6,,Wallbox,X,,329
Art der E-Mobilität,SG10,CAV,7111,,Z87,,E-Mobilitätsladesäule,X,,330,,,Art der E-Mobilität,SG10,CAV,7111,,Z87,,E-Mobilitätsladesäule,X,,330
Art der E-Mobilität,SG10,CAV,7111,,ZE7,,Ladepark,X,,331,,,Art der E-Mobilität,SG10,CAV,7111,,ZE7,,Ladepark,X,,331
Erzeugungsart,SG10,CAV,,00286,,,,Muss [447],[447] Wenn in derselben SG8 das CCI+Z50 (Stromerzeugungsart) vorhanden,332,,,Erzeugungsart,SG10,CAV,,00286,,,,Muss [447],[447] Wenn in derselben SG8 das CCI+Z50 (Stromerzeugungsart) vorhanden,332
Erzeugungsart,SG10,CAV,7111,00286,ZF5,,Solar,X,,333,,,Erzeugungsart,SG10,CAV,7111,00286,ZF5,,Solar,X,,333
Erzeugungsart,SG10,CAV,7111,,ZF6,,Wind,X,,334,,,Erzeugungsart,SG10,CAV,7111,,ZF6,,Wind,X,,334
Erzeugungsart,SG10,CAV,7111,,ZG0,,Gas,X,,335,,,Erzeugungsart,SG10,CAV,7111,,ZG0,,Gas,X,,335
Erzeugungsart,SG10,CAV,7111,,ZG1,,Wasser,X,,336,,,Erzeugungsart,SG10,CAV,7111,,ZG1,,Wasser,X,,336
Erzeugungsart,SG10,CAV,7111,,ZG5,,Sonstige Erzeugungsart,X,,337,,,Erzeugungsart,SG10,CAV,7111,,ZG5,,Sonstige Erzeugungsart,X,,337
Speicherart,SG10,CAV,,00287,,,,Muss [448],[448] Wenn in derselben SG8 das CCI+Z56 (Speicher) vorhanden,338,,,Speicherart,SG10,CAV,,00287,,,,Muss [448],[448] Wenn in derselben SG8 das CCI+Z56 (Speicher) vorhanden,338
Speicherart,SG10,CAV,7111,00287,ZF7,,Wasserstoffspeicher,X,,339,,,Speicherart,SG10,CAV,7111,00287,ZF7,,Wasserstoffspeicher,X,,339
Speicherart,SG10,CAV,7111,,ZF8,,Pumpspeicher,X,,340,,,Speicherart,SG10,CAV,7111,,ZF8,,Pumpspeicher,X,,340
Speicherart,SG10,CAV,7111,,ZF9,,Batteriespeicher,X,,341,,,Speicherart,SG10,CAV,7111,,ZF9,,Batteriespeicher,X,,341
Speicherart,SG10,CAV,7111,,ZG6,,Sonstige Speicherart,X,,342,,,Speicherart,SG10,CAV,7111,,ZG6,,Sonstige Speicherart,X,,342
Kategorie der verbrauchenden Technischen Ressource,SG10,CAV,,00288,,,,Muss [446] ⊻ [448],"[446] Wenn in derselben SG8 das CCI+Z17 (Stromverbrauchsart) vorhanden
[448] Wenn in derselben SG8 das CCI+Z56 (Speicher) vorhanden",343,,,Kategorie der verbrauchenden Technischen Ressource,SG10,CAV,,00288,,,,Muss [446] ⊻ [448],"[446] Wenn in derselben SG8 das CCI+Z17 (Stromverbrauchsart) vorhanden
[448] Wenn in derselben SG8 das CCI+Z56 (Speicher) vorhanden",343
Kategorie der verbrauchenden Technischen Ressource,SG10,CAV,7111,00288,ZG8,,Technischen Ressource fällt unter § 14a EnWG,X,,344,,,Kategorie der verbrauchenden Technischen Ressource,SG10,CAV,7111,00288,ZG8,,Technischen Ressource fällt unter § 14a EnWG,X,,344
Kategorie der verbrauchenden Technischen Ressource,SG10,CAV,7111,,ZG9,,Technischen Ressource fällt nicht unter § 14a EnWG,X,,345,,,Kategorie der verbrauchenden Technischen Ressource,SG10,CAV,7111,,ZG9,,Technischen Ressource fällt nicht unter § 14a EnWG,X,,345
Inbetriebsetzungsdatum der verbrauchenden Technischen Ressource nach § 14a EnWG,SG10,CAV,,00289,,,,Muss [461],[461] Wenn in derselben SG10 das CCI+Z17 (Stromverbrauchsart) im CAV+ZG8 (Technischen Ressource fällt unter § 14a EnWG) vorhanden,346,,,Inbetriebsetzungsdatum der verbrauchenden Technischen Ressource nach § 14a EnWG,SG10,CAV,,00289,,,,Muss [461],[461] Wenn in derselben SG10 das CCI+Z17 (Stromverbrauchsart) im CAV+ZG8 (Technischen Ressource fällt unter § 14a EnWG) vorhanden,346
Inbetriebsetzungsdatum der verbrauchenden Technischen Ressource nach § 14a EnWG,SG10,CAV,7111,00289,ZH0,,Inbetriebsetzung der TR nach 2023,X,,347,,,Inbetriebsetzungsdatum der verbrauchenden Technischen Ressource nach § 14a EnWG,SG10,CAV,7111,00289,ZH0,,Inbetriebsetzung der TR nach 2023,X,,347
Inbetriebsetzungsdatum der verbrauchenden Technischen Ressource nach § 14a EnWG,SG10,CAV,7111,,ZH1,,Inbetriebsetzung der TR vor 2024,X,,348,,,Inbetriebsetzungsdatum der verbrauchenden Technischen Ressource nach § 14a EnWG,SG10,CAV,7111,,ZH1,,Inbetriebsetzung der TR vor 2024,X,,348
Einordnung der verbrauchenden Technischen Ressource nach § 14a EnWG mit Inbetriebsetzung vor 2024,SG10,CAV,,00290,,,,Muss [462],[462] Wenn in derselben SG10 das CCI+Z17 (Stromverbrauchsart) im CAV+ZH1 (Inbetriebsetzung der TR vor 2024) vorhanden,349,,,Einordnung der verbrauchenden Technischen Ressource nach § 14a EnWG mit Inbetriebsetzung vor 2024,SG10,CAV,,00290,,,,Muss [462],[462] Wenn in derselben SG10 das CCI+Z17 (Stromverbrauchsart) im CAV+ZH1 (Inbetriebsetzung der TR vor 2024) vorhanden,349
Einordnung der verbrauchenden Technischen Ressource nach § 14a EnWG mit Inbetriebsetzung vor 2024,SG10,CAV,7111,00290,ZH2,,Wechselmöglichkeit in das § 14a EnWG-Modell gem. Festlegung BK6- 22-300 einmalig noch möglich,X,,350,,,Einordnung der verbrauchenden Technischen Ressource nach § 14a EnWG mit Inbetriebsetzung vor 2024,SG10,CAV,7111,00290,ZH2,,Wechselmöglichkeit in das § 14a EnWG-Modell gem. Festlegung BK6- 22-300 einmalig noch möglich,X,,350
Einordnung der verbrauchenden Technischen Ressource nach § 14a EnWG mit Inbetriebsetzung vor 2024,SG10,CAV,7111,,ZH3,,Wechselmöglichkeit in das § 14a EnWG-Modell gem. Festlegung BK6- 22-300 nicht möglich,X,,351,,,Einordnung der verbrauchenden Technischen Ressource nach § 14a EnWG mit Inbetriebsetzung vor 2024,SG10,CAV,7111,,ZH3,,Wechselmöglichkeit in das § 14a EnWG-Modell gem. Festlegung BK6- 22-300 nicht möglich,X,,351
Einordnung der verbrauchenden Technischen Ressource nach § 14a EnWG mit Inbetriebsetzung vor 2024,SG10,CAV,7111,,ZH4,,Befristet im alten § 14a EnWG-Modell bis 2028 ohne Wechselmöglichkeit,X,,352,,,Einordnung der verbrauchenden Technischen Ressource nach § 14a EnWG mit Inbetriebsetzung vor 2024,SG10,CAV,7111,,ZH4,,Befristet im alten § 14a EnWG-Modell bis 2028 ohne Wechselmöglichkeit,X,,352
Einordnung der verbrauchenden Technischen Ressource nach § 14a EnWG mit Inbetriebsetzung vor 2024,SG10,CAV,7111,,ZH5,,Wechsel in das § 14a EnWG-Modell gem. Festlegung BK6-22-300 wurde durchgeführt,X,,353,,,Einordnung der verbrauchenden Technischen Ressource nach § 14a EnWG mit Inbetriebsetzung vor 2024,SG10,CAV,7111,,ZH5,,Wechsel in das § 14a EnWG-Modell gem. Festlegung BK6-22-300 wurde durchgeführt,X,,353
Information zu weiteren technischen Einrichtungen,SG10,,,,,,,Muss [446] ∧ [467],"[446] Wenn in derselben SG8 das CCI+Z17 (Stromverbrauchsart) vorhanden
[467] Wenn in derselben SG8 SEQ+Z52 (Daten der Technischen Ressource) das CAV+ZG8 (Technischen Ressource fällt unter §14a EnWG) vorhanden ist",354,,,Information zu weiteren technischen Einrichtungen,SG10,,,,,,,Muss [446] ∧ [467],"[446] Wenn in derselben SG8 das CCI+Z17 (Stromverbrauchsart) vorhanden
[467] Wenn in derselben SG8 SEQ+Z52 (Daten der Technischen Ressource) das CAV+ZG8 (Technischen Ressource fällt unter §14a EnWG) vorhanden ist",354
Information zu weiteren technischen Einrichtungen,SG10,CCI,,00291,,,,Muss,,355,,,Information zu weiteren technischen Einrichtungen,SG10,CCI,,00291,,,,Muss,,355
Information zu weiteren technischen Einrichtungen,SG10,CCI,7059,00291,Z63,,Information zu weiteren technischen Einrichtungen,X,,356,,,Information zu weiteren technischen Einrichtungen,SG10,CCI,7059,00291,Z63,,Information zu weiteren technischen Einrichtungen,X,,356
Information zu weiteren technischen Einrichtungen,SG10,CAV,,00292,,,,Muss,,357,,,Information zu weiteren technischen Einrichtungen,SG10,CAV,,00292,,,,Muss,,357
Information zu weiteren technischen Einrichtungen,SG10,CAV,7111,00292,ZH7,,Weitere technische Einrichtungen vorhanden,X,,358,,,Information zu weiteren technischen Einrichtungen,SG10,CAV,7111,00292,ZH7,,Weitere technische Einrichtungen vorhanden,X,,358
Information zu weiteren technischen Einrichtungen,SG10,CAV,7111,,ZH8,,Keine weitere technische Einrichtung vorhanden,X,,359,,,Information zu weiteren technischen Einrichtungen,SG10,CAV,7111,,ZH8,,Keine weitere technische Einrichtung vorhanden,X,,359
Daten der Steuerbaren Ressource,SG8,,,,,,,Muss [205],[205] Wenn SG5 LOC+Z19 (Steuerbare Ressource) vorhanden,360,,,Daten der Steuerbaren Ressource,SG8,,,,,,,Muss [205],[205] Wenn SG5 LOC+Z19 (Steuerbare Ressource) vorhanden,360
Daten der Steuerbaren Ressource,SG8,SEQ,,00293,,,,Muss,,361,,,Daten der Steuerbaren Ressource,SG8,SEQ,,00293,,,,Muss,,361
Daten der Steuerbaren Ressource,SG8,SEQ,1229,00293,Z62,,Daten der Steuerbaren Ressource,X,,362,,,Daten der Steuerbaren Ressource,SG8,SEQ,1229,00293,Z62,,Daten der Steuerbaren Ressource,X,,362
Referenz auf die ID der Steuerbaren Ressource,SG8,RFF,,00294,,,,Muss,,363,,,Referenz auf die ID der Steuerbaren Ressource,SG8,RFF,,00294,,,,Muss,,363
Referenz auf die ID der Steuerbaren Ressource,SG8,RFF,1153,00294,Z38,,Steuerbare Ressource,X,,364,,,Referenz auf die ID der Steuerbaren Ressource,SG8,RFF,1153,00294,Z38,,Steuerbare Ressource,X,,364
Referenz auf die ID der Steuerbaren Ressource,SG8,RFF,1154,00294,,,ID der Steuerbaren Ressource,X [961],[961] Format: SR-ID,365,,,Referenz auf die ID der Steuerbaren Ressource,SG8,RFF,1154,00294,,,ID der Steuerbaren Ressource,X [961],[961] Format: SR-ID,365
Zugeordnete Marktpartner,SG10,,,,,,,Muss,,366,,,Zugeordnete Marktpartner,SG10,,,,,,,Muss,,366
Zugeordnete Marktpartner,SG10,CCI,,00297,,,,Muss,,367,,,Zugeordnete Marktpartner,SG10,CCI,,00297,,,,Muss,,367
Zugeordnete Marktpartner,SG10,CCI,7037,00297,ZB3,,Zugeordneter Marktpartner,X,,368,,,Zugeordnete Marktpartner,SG10,CCI,7037,00297,ZB3,,Zugeordneter Marktpartner,X,,368
Messstellenbetreiber,SG10,CAV,,00298,,,,Muss,,369,,,Messstellenbetreiber,SG10,CAV,,00298,,,,Muss,,369
Messstellenbetreiber,SG10,CAV,7111,00298,Z91,,MSB,X,,370,,,Messstellenbetreiber,SG10,CAV,7111,00298,Z91,,MSB,X,,370
Messstellenbetreiber,SG10,CAV,1131,00298,,,MP-ID,X,,371,,,Messstellenbetreiber,SG10,CAV,1131,00298,,,MP-ID,X,,371
Messstellenbetreiber,SG10,CAV,7110,00298,Z39,,Grundzuständiger Messstellenbetreiber,X,,372,,,Messstellenbetreiber,SG10,CAV,7110,00298,Z39,,Grundzuständiger Messstellenbetreiber,X,,372
Messstellenbetreiber,SG10,CAV,7110,,Z40,,Wettbewerblicher Messstellenbetreiber,X,,373,,,Messstellenbetreiber,SG10,CAV,7110,,Z40,,Wettbewerblicher Messstellenbetreiber,X,,373
Messstellenbetreiber,SG10,CAV,7110,,Z41,,Auffangmessstellenbetre iber,X,,374,,,Messstellenbetreiber,SG10,CAV,7110,,Z41,,Auffangmessstellenbetre iber,X,,374
Daten der Messlokation,SG8,,,,,,,Soll [92] ∧ [345],"[92] Wenn Wert innerhalb SG bzw. Segment geändert wird
[345] Wenn SG5 LOC+Z17 (Messlokation) vorhanden",375,,,Daten der Messlokation,SG8,,,,,,,Soll [92] ∧ [345],"[92] Wenn Wert innerhalb SG bzw. Segment geändert wird
[345] Wenn SG5 LOC+Z17 (Messlokation) vorhanden",375
Daten der Messlokation,SG8,SEQ,,00306,,,,Muss,,376,,,Daten der Messlokation,SG8,SEQ,,00306,,,,Muss,,376
Daten der Messlokation,SG8,SEQ,1229,00306,Z18,,Daten der Messlokation,X,,377,,,Daten der Messlokation,SG8,SEQ,1229,00306,Z18,,Daten der Messlokation,X,,377
Referenz auf die ID der Messlokation,SG8,RFF,,00307,,,,Muss,,378,,,Referenz auf die ID der Messlokation,SG8,RFF,,00307,,,,Muss,,378
Referenz auf die ID der Messlokation,SG8,RFF,1153,00307,Z19,,Messlokation,X,,379,,,Referenz auf die ID der Messlokation,SG8,RFF,1153,00307,Z19,,Messlokation,X,,379
Referenz auf die ID der Messlokation,SG8,RFF,1154,00307,,,ID der Messlokation,X [951],[951] Format: Zählpunktbezeichnung,380,,,Referenz auf die ID der Messlokation,SG8,RFF,1154,00307,,,ID der Messlokation,X [951],[951] Format: Zählpunktbezeichnung,380
Abrechnung des Messstellenbetriebs über NNE für kME,SG8,RFF,,00309,,,,Soll [92],[92] Wenn Wert innerhalb SG bzw. Segment geändert wird,381,,,Abrechnung des Messstellenbetriebs über NNE für kME,SG8,RFF,,00309,,,,Soll [92],[92] Wenn Wert innerhalb SG bzw. Segment geändert wird,381
Abrechnung des Messstellenbetriebs über NNE für kME,SG8,RFF,1153,00309,Z05,,Abrechnung des Messstellenbetriebs über NNE für kME,X,,382,,,Abrechnung des Messstellenbetriebs über NNE für kME,SG8,RFF,1153,00309,Z05,,Abrechnung des Messstellenbetriebs über NNE für kME,X,,382
Abrechnung des Messstellenbetriebs über NNE für kME,SG8,RFF,1154,00309,,,Abrechnung über NNE (Ja/Nein),X,,383,,,Abrechnung des Messstellenbetriebs über NNE für kME,SG8,RFF,1154,00309,,,Abrechnung über NNE (Ja/Nein),X,,383
Zugeordnete Marktpartner,SG10,,,,,,,Soll [92],[92] Wenn Wert innerhalb SG bzw. Segment geändert wird,384,,,Zugeordnete Marktpartner,SG10,,,,,,,Soll [92],[92] Wenn Wert innerhalb SG bzw. Segment geändert wird,384
Zugeordnete Marktpartner,SG10,CCI,,00310,,,,Muss,,385,,,Zugeordnete Marktpartner,SG10,CCI,,00310,,,,Muss,,385
Zugeordnete Marktpartner,SG10,CCI,7037,00310,ZB3,,Zugeordneter Marktpartner,X,,386,,,Zugeordnete Marktpartner,SG10,CCI,7037,00310,ZB3,,Zugeordneter Marktpartner,X,,386
Messstellenbetreiber,SG10,CAV,,00311,,,,Muss,,387,,,Messstellenbetreiber,SG10,CAV,,00311,,,,Muss,,387
Messstellenbetreiber,SG10,CAV,7111,00311,Z91,,MSB,X,,388,,,Messstellenbetreiber,SG10,CAV,7111,00311,Z91,,MSB,X,,388
Messstellenbetreiber,SG10,CAV,1131,00311,,,MP-ID,X,,389,,,Messstellenbetreiber,SG10,CAV,1131,00311,,,MP-ID,X,,389
Messstellenbetreiber,SG10,CAV,7110,00311,Z19,,Auf vertraglicher Grundlage gegenüber Anschlussnutzer / Anschlussnehmer,X,,390,,,Messstellenbetreiber,SG10,CAV,7110,00311,Z19,,Auf vertraglicher Grundlage gegenüber Anschlussnutzer / Anschlussnehmer,X,,390
Messstellenbetreiber,SG10,CAV,7110,,Z20,,In der Ausübung der Weiterverpflichtung durch den gMSB,X,,391,,,Messstellenbetreiber,SG10,CAV,7110,,Z20,,In der Ausübung der Weiterverpflichtung durch den gMSB,X,,391
Messstellenbetreiber,SG10,CAV,7110,00311,Z39,,Grundzuständiger Messstellenbetreiber,X,,392,,,Messstellenbetreiber,SG10,CAV,7110,00311,Z39,,Grundzuständiger Messstellenbetreiber,X,,392
Messstellenbetreiber,SG10,CAV,7110,,Z40,,Wettbewerblicher Messstellenbetreiber,X,,393,,,Messstellenbetreiber,SG10,CAV,7110,,Z40,,Wettbewerblicher Messstellenbetreiber,X,,393
Messstellenbetreiber,SG10,CAV,7110,,Z41,,Auffangmessstellenbetre iber,X,,394,,,Messstellenbetreiber,SG10,CAV,7110,,Z41,,Auffangmessstellenbetre iber,X,,394
Grundzuständiger Messstellenbetreiber,SG10,CAV,,00312,,,,Muss,,395,,,Grundzuständiger Messstellenbetreiber,SG10,CAV,,00312,,,,Muss,,395
Grundzuständiger Messstellenbetreiber,SG10,CAV,7111,00312,ZF0,,gMSB,X,,396,,,Grundzuständiger Messstellenbetreiber,SG10,CAV,7111,00312,ZF0,,gMSB,X,,396
Grundzuständiger Messstellenbetreiber,SG10,CAV,1131,00312,,,MP-ID,X,,397,,,Grundzuständiger Messstellenbetreiber,SG10,CAV,1131,00312,,,MP-ID,X,,397
Kunde des Netzbetreibers,SG12,,,,,,,Kann [25] ∧ [92] ∧ [558],"[25] Wenn SG5 LOC+Z16 (Marktlokation) vorhanden
[92] Wenn Wert innerhalb SG bzw. Segment geändert wird
[558] Hinweis: Diese Information kann freiwillig ausgetauscht werden",398,,,Kunde des Netzbetreibers,SG12,,,,,,,Kann [25] ∧ [92] ∧ [558],"[25] Wenn SG5 LOC+Z16 (Marktlokation) vorhanden
[92] Wenn Wert innerhalb SG bzw. Segment geändert wird
[558] Hinweis: Diese Information kann freiwillig ausgetauscht werden",398
Kunde des Netzbetreibers,SG12,NAD,,00527,,,,Muss,,399,,,Kunde des Netzbetreibers,SG12,NAD,,00527,,,,Muss,,399
Kunde des Netzbetreibers,SG12,NAD,3035,00527,Z25,,Kunde des NB,X,,400,,,Kunde des Netzbetreibers,SG12,NAD,3035,00527,Z25,,Kunde des NB,X,,400
Kunde des Netzbetreibers,SG12,NAD,3036,00527,,,Name,X,,401,,,Kunde des Netzbetreibers,SG12,NAD,3036,00527,,,Name,X,,401
Kunde des Netzbetreibers,SG12,NAD,3045,00527,Z01,,Struktur von Personennamen,X,,402,,,Kunde des Netzbetreibers,SG12,NAD,3045,00527,Z01,,Struktur von Personennamen,X,,402
Kunde des Netzbetreibers,SG12,NAD,3045,,Z02,,Struktur der Firmenbezeichnung,X,,403,,,Kunde des Netzbetreibers,SG12,NAD,3045,,Z02,,Struktur der Firmenbezeichnung,X,,403
Referenz auf die ID der Marktlokation,SG12,RFF,,00528,,,,Muss,,404,,,Referenz auf die ID der Marktlokation,SG12,RFF,,00528,,,,Muss,,404
Referenz auf die ID der Marktlokation,SG12,RFF,1153,00528,Z18,,Marktlokation,X,,405,,,Referenz auf die ID der Marktlokation,SG12,RFF,1153,00528,Z18,,Marktlokation,X,,405
Referenz auf die ID der Marktlokation,SG12,RFF,1154,00528,,,ID der Marktlokation,X [950],[950] Format: Marktlokations-ID,406,,,Referenz auf die ID der Marktlokation,SG12,RFF,1154,00528,,,ID der Marktlokation,X [950],[950] Format: Marktlokations-ID,406
Korrespondenzanschrift des Kunde des Netzbetreibers,SG12,,,,,,,Kann [25] ∧ [92] ∧ [558],"[25] Wenn SG5 LOC+Z16 (Marktlokation) vorhanden
[92] Wenn Wert innerhalb SG bzw. Segment geändert wird
[558] Hinweis: Diese Information kann freiwillig ausgetauscht werden",407,,,Korrespondenzanschrift des Kunde des Netzbetreibers,SG12,,,,,,,Kann [25] ∧ [92] ∧ [558],"[25] Wenn SG5 LOC+Z16 (Marktlokation) vorhanden
[92] Wenn Wert innerhalb SG bzw. Segment geändert wird
[558] Hinweis: Diese Information kann freiwillig ausgetauscht werden",407
Korrespondenzanschrift des Kunde des Netzbetreibers,SG12,NAD,,00529,,,,Muss,,408,,,Korrespondenzanschrift des Kunde des Netzbetreibers,SG12,NAD,,00529,,,,Muss,,408
Korrespondenzanschrift des Kunde des Netzbetreibers,SG12,NAD,3035,00529,Z26,,Korrespondenzanschrift des Kunden des NB,X,,409,,,Korrespondenzanschrift des Kunde des Netzbetreibers,SG12,NAD,3035,00529,Z26,,Korrespondenzanschrift des Kunden des NB,X,,409
Korrespondenzanschrift des Kunde des Netzbetreibers,SG12,NAD,3036,00529,,,Name,X,,410,,,Korrespondenzanschrift des Kunde des Netzbetreibers,SG12,NAD,3036,00529,,,Name,X,,410
Korrespondenzanschrift des Kunde des Netzbetreibers,SG12,NAD,3045,00529,Z01,,Struktur von Personennamen,X,,411,,,Korrespondenzanschrift des Kunde des Netzbetreibers,SG12,NAD,3045,00529,Z01,,Struktur von Personennamen,X,,411
Korrespondenzanschrift des Kunde des Netzbetreibers,SG12,NAD,3045,,Z02,,Struktur der Firmenbezeichnung,X,,412,,,Korrespondenzanschrift des Kunde des Netzbetreibers,SG12,NAD,3045,,Z02,,Struktur der Firmenbezeichnung,X,,412
Korrespondenzanschrift des Kunde des Netzbetreibers,SG12,NAD,3042,00529,,,Straße und Hausnummer oder Postfach,X,,413,,,Korrespondenzanschrift des Kunde des Netzbetreibers,SG12,NAD,3042,00529,,,Straße und Hausnummer oder Postfach,X,,413
Korrespondenzanschrift des Kunde des Netzbetreibers,SG12,NAD,3164,00529,,,Ort,X,,414,,,Korrespondenzanschrift des Kunde des Netzbetreibers,SG12,NAD,3164,00529,,,Ort,X,,414
Korrespondenzanschrift des Kunde des Netzbetreibers,SG12,NAD,3251,00529,,,Postleitzahl,M [268] S [166],"[166] Wenn vorhanden
[268] Wenn der Code im DE3207 in der ""EDI@Energy Codeliste der europäischen Ländercodes"" in der Spalte ""PLZ vorhanden"" ein ""X"" aufgeführt ist",415,,,Korrespondenzanschrift des Kunde des Netzbetreibers,SG12,NAD,3251,00529,,,Postleitzahl,M [268] S [166],"[166] Wenn vorhanden
[268] Wenn der Code im DE3207 in der ""EDI@Energy Codeliste der europäischen Ländercodes"" in der Spalte ""PLZ vorhanden"" ein ""X"" aufgeführt ist",415
Korrespondenzanschrift des Kunde des Netzbetreibers,SG12,NAD,3207,00529,,,"Ländername, Code",X,,416,,,Korrespondenzanschrift des Kunde des Netzbetreibers,SG12,NAD,3207,00529,,,"Ländername, Code",X,,416
Referenz auf die ID der Marktlokation,SG12,RFF,,00530,,,,Muss,,417,,,Referenz auf die ID der Marktlokation,SG12,RFF,,00530,,,,Muss,,417
Referenz auf die ID der Marktlokation,SG12,RFF,1153,00530,Z18,,Marktlokation,X,,418,,,Referenz auf die ID der Marktlokation,SG12,RFF,1153,00530,Z18,,Marktlokation,X,,418
Referenz auf die ID der Marktlokation,SG12,RFF,1154,00530,,,ID der Marktlokation,X [950],[950] Format: Marktlokations-ID,419,,,Referenz auf die ID der Marktlokation,SG12,RFF,1154,00530,,,ID der Marktlokation,X [950],[950] Format: Marktlokations-ID,419
Anschlussnehmer,SG12,,,,,,,Kann [25] ∧ [92] ∧ [558],"[25] Wenn SG5 LOC+Z16 (Marktlokation) vorhanden
[92] Wenn Wert innerhalb SG bzw. Segment geändert wird
[558] Hinweis: Diese Information kann freiwillig ausgetauscht werden",420,,,Anschlussnehmer,SG12,,,,,,,Kann [25] ∧ [92] ∧ [558],"[25] Wenn SG5 LOC+Z16 (Marktlokation) vorhanden
[92] Wenn Wert innerhalb SG bzw. Segment geändert wird
[558] Hinweis: Diese Information kann freiwillig ausgetauscht werden",420
Anschlussnehmer,SG12,NAD,,00531,,,,Muss,,421,,,Anschlussnehmer,SG12,NAD,,00531,,,,Muss,,421
Anschlussnehmer,SG12,NAD,3035,00531,EO,,Anschlussnehmer,X,,422,,,Anschlussnehmer,SG12,NAD,3035,00531,EO,,Anschlussnehmer,X,,422
Anschlussnehmer,SG12,NAD,3036,00531,,,Name,X,,423,,,Anschlussnehmer,SG12,NAD,3036,00531,,,Name,X,,423
Anschlussnehmer,SG12,NAD,3045,00531,Z01,,Struktur von Personennamen,X,,424,,,Anschlussnehmer,SG12,NAD,3045,00531,Z01,,Struktur von Personennamen,X,,424
Anschlussnehmer,SG12,NAD,3045,,Z02,,Struktur der Firmenbezeichnung,X,,425,,,Anschlussnehmer,SG12,NAD,3045,,Z02,,Struktur der Firmenbezeichnung,X,,425
Anschlussnehmer,SG12,NAD,3042,00531,,,Straße und Hausnummer oder Postfach,X,,426,,,Anschlussnehmer,SG12,NAD,3042,00531,,,Straße und Hausnummer oder Postfach,X,,426
Anschlussnehmer,SG12,NAD,3164,00531,,,Ort,X,,427,,,Anschlussnehmer,SG12,NAD,3164,00531,,,Ort,X,,427
Anschlussnehmer,SG12,NAD,3251,00531,,,Postleitzahl,M [268] S [166],"[166] Wenn vorhanden
[268] Wenn der Code im DE3207 in der ""EDI@Energy Codeliste der europäischen Ländercodes"" in der Spalte ""PLZ vorhanden"" ein ""X"" aufgeführt ist",428,,,Anschlussnehmer,SG12,NAD,3251,00531,,,Postleitzahl,M [268] S [166],"[166] Wenn vorhanden
[268] Wenn der Code im DE3207 in der ""EDI@Energy Codeliste der europäischen Ländercodes"" in der Spalte ""PLZ vorhanden"" ein ""X"" aufgeführt ist",428
Anschlussnehmer,SG12,NAD,3207,00531,,,"Ländername, Code",Muss,,429,,,Anschlussnehmer,SG12,NAD,3207,00531,,,"Ländername, Code",Muss,,429
Hausverwalter,SG12,,,,,,,Kann [25] ∧ [92] ∧ [558],"[25] Wenn SG5 LOC+Z16 (Marktlokation) vorhanden
[92] Wenn Wert innerhalb SG bzw. Segment geändert wird
[558] Hinweis: Diese Information kann freiwillig ausgetauscht werden",430,,,Hausverwalter,SG12,,,,,,,Kann [25] ∧ [92] ∧ [558],"[25] Wenn SG5 LOC+Z16 (Marktlokation) vorhanden
[92] Wenn Wert innerhalb SG bzw. Segment geändert wird
[558] Hinweis: Diese Information kann freiwillig ausgetauscht werden",430
Hausverwalter,SG12,NAD,,00532,,,,Muss,,431,,,Hausverwalter,SG12,NAD,,00532,,,,Muss,,431
Hausverwalter,SG12,NAD,3035,00532,DDO,,Location manager,X,,432,,,Hausverwalter,SG12,NAD,3035,00532,DDO,,Location manager,X,,432
Hausverwalter,SG12,NAD,3036,00532,,,Name,X,,433,,,Hausverwalter,SG12,NAD,3036,00532,,,Name,X,,433
Hausverwalter,SG12,NAD,3045,00532,Z01,,Struktur von Personennamen,X,,434,,,Hausverwalter,SG12,NAD,3045,00532,Z01,,Struktur von Personennamen,X,,434
Hausverwalter,SG12,NAD,3045,,Z02,,Struktur der Firmenbezeichnung,X,,435,,,Hausverwalter,SG12,NAD,3045,,Z02,,Struktur der Firmenbezeichnung,X,,435
Hausverwalter,SG12,NAD,3042,00532,,,Straße und Hausnummer oder Postfach,X,,436,,,Hausverwalter,SG12,NAD,3042,00532,,,Straße und Hausnummer oder Postfach,X,,436
Hausverwalter,SG12,NAD,3164,00532,,,Ort,X,,437,,,Hausverwalter,SG12,NAD,3164,00532,,,Ort,X,,437
Hausverwalter,SG12,NAD,3251,00532,,,Postleitzahl,M [268] S [166],"[166] Wenn vorhanden
[268] Wenn der Code im DE3207 in der ""EDI@Energy Codeliste der europäischen Ländercodes"" in der Spalte ""PLZ vorhanden"" ein ""X"" aufgeführt ist",438,,,Hausverwalter,SG12,NAD,3251,00532,,,Postleitzahl,M [268] S [166],"[166] Wenn vorhanden
[268] Wenn der Code im DE3207 in der ""EDI@Energy Codeliste der europäischen Ländercodes"" in der Spalte ""PLZ vorhanden"" ein ""X"" aufgeführt ist",438
Hausverwalter,SG12,NAD,3207,00532,,,"Ländername, Code",Muss,,439,,,Hausverwalter,SG12,NAD,3207,00532,,,"Ländername, Code",Muss,,439
Marktlokationsanschrift,SG12,,,,,,,Soll [25] ∧ [92],"[25] Wenn SG5 LOC+Z16 (Marktlokation) vorhanden
[92] Wenn Wert innerhalb SG bzw. Segment geändert wird",440,,,Marktlokationsanschrift,SG12,,,,,,,Soll [25] ∧ [92],"[25] Wenn SG5 LOC+Z16 (Marktlokation) vorhanden
[92] Wenn Wert innerhalb SG bzw. Segment geändert wird",440
Marktlokationsanschrift,SG12,NAD,,00535,,,,Muss,,441,,,Marktlokationsanschrift,SG12,NAD,,00535,,,,Muss,,441
Marktlokationsanschrift,SG12,NAD,3035,00535,DP,,Lieferanschrift,X,,442,,,Marktlokationsanschrift,SG12,NAD,3035,00535,DP,,Lieferanschrift,X,,442
Marktlokationsanschrift,SG12,NAD,3124,00535,,,Zusatzinformation zur Identifizierung,K,,443,,,Marktlokationsanschrift,SG12,NAD,3124,00535,,,Zusatzinformation zur Identifizierung,K,,443
Marktlokationsanschrift,SG12,NAD,3042,00535,,,Straße und Hausnummer oder Postfach,S [166] M [212],"[166] Wenn vorhanden
[212] Wenn im selben SG12 NAD DE3124 nicht vorhanden",444,,,Marktlokationsanschrift,SG12,NAD,3042,00535,,,Straße und Hausnummer oder Postfach,S [166] M [212],"[166] Wenn vorhanden
[212] Wenn im selben SG12 NAD DE3124 nicht vorhanden",444
Marktlokationsanschrift,SG12,NAD,3164,00535,,,Ort,X,,445,,,Marktlokationsanschrift,SG12,NAD,3164,00535,,,Ort,X,,445
Marktlokationsanschrift,SG12,NAD,3251,00535,,,Postleitzahl,X,,446,,,Marktlokationsanschrift,SG12,NAD,3251,00535,,,Postleitzahl,X,,446
Marktlokationsanschrift,SG12,NAD,3207,00535,,,"Ländername, Code",X,,447,,,Marktlokationsanschrift,SG12,NAD,3207,00535,,,"Ländername, Code",X,,447
Nachrichten-Endesegment,,UNT,,00540,,,,Muss,,448,,,Nachrichten-Endesegment,,UNT,,00540,,,,Muss,,448
Nachrichten-Endesegment,,UNT,0074,00540,,,Anzahl der Segmente in einer Nachricht,X,,449,,,Nachrichten-Endesegment,,UNT,0074,00540,,,Anzahl der Segmente in einer Nachricht,X,,449
Nachrichten-Endesegment,,UNT,0062,00540,,,Nachrichten-Referenznummer,X,,450,,,Nachrichten-Endesegment,,UNT,0062,00540,,,Nachrichten-Referenznummer,X,,450
